10
10
0.769519875704065
0.040293784413616876
1.7458940600271233
-0.8226966859875664
-0.9155932579266838
-0.9062934751052284
0.8813893124147929
0.028169121697253156
0.8242338913945031
-0.2530668160968281
0.2192761113576377
1.598796103251791
0.1752827715612645
-0.5708711459925718
0.3094800945532404
-1.2775050369377574
0.7918116196434876
0.9357404156418293
-1.3625276523867353
-0.7749398269466966
0.7521070613223562
-0.10400183536408704
-1.1054763198602013
-2.0540621490827204
2.0439232588880394
-0.47492933950916616
1.4754797879540207
-1.0585346485915517
-0.2820891017938018
1.1004787908089657
-0.9569952309174219
-0.15166432983174596
0.8930607616554415
-1.6255273417440368
-0.1860289470989905
0.21878058817412482
-0.859860117799574
-0.8398017271516375
0.6693363235287922
2.0302689509193463
0.9997066540336261
0.7883262565442672
-0.14931459081967902
-1.1186987372250734
-0.20907518847959938
0.015796148141175255
0.4390490033845411
-0.38893444415598505
0.586696442534711
0.38733634781627513
0.3408280599918432
-0.16811527368089252
-0.2140774182510405
-1.1529600767767787
0.37197333299933927
-0.19981569808656957
-1.192805583565782
1.203292524124896
-1.2834257533147762
-1.257046908138302
-0.5517391501156053
-0.6483815005439042
1.0134341596531744
0.28695593447902856
-1.9744686243761826
-0.965616299369253
0.111256519541406
0.001529708665351191
1.088603487181524
1.6237047543013161
0.2360875450273509
-0.6970134430228422
1.8260875717429497
-1.0226833696417514
-1.307424506851085
-0.38176408273513357
-1.3260610414078378
0.15985047731723068
-1.2666685222119305
-0.6532297850037263
0.38620322719649053
-0.9112777017926331
0.7271357161722559
-0.4265602495309708
-1.104163809894333
0.22997726350830153
-1.4356476656849695
-0.8736470005369733
0.5899316203907423
-0.8343539818430525
-0.3163836475024491
0.39068878750624986
-0.5032104948994804
0.30299903781185805
0.020968285509609257
-0.33117305229399185
-0.810765483440706
-0.512666043319537
0.30137720930062867
-0.8954368483922281
