10
10
-2.84324
-0.882155
1.95277
4.45284
-4.18582
2.87672
-5.01982
0.362681
1.29292
-3.35745
2.95018
-1.40547
2.12818
-2.78751
1.786
-3.12621
6.97126
-3.47472
5.351
3.1509
-2.91907
-2.25144
4.11335
7.72473
-7.68911
-0.655034
-0.00777304
3.66609
-0.0941171
1.33402
1.64909
-3.47373
1.19209
0.296658
1.0493
3.38978
-3.19203
-0.980772
-3.53464
-5.11234
-1.78763
0.411214
-3.63774
3.18972
0.900857
3.82777
-0.768878
-1.97803
1.61883
4.0975
-2.58486
-0.789955
1.65153
-3.11289
-1.24664
0.329092
1.0799
-1.00036
4.95168
4.42912
3.86864
4.63425
-3.17619
0.393548
7.65183
0.605912
13.102
-1.97936
1.65878
5.05465
-1.09872
-2.60731
6.68932
-2.76367
-6.13847
1.49035
-4.34813
-6.70395
3.96169
6.0621
-0.856005
1.2919
3.90332
4.0349
-2.39327
-1.77956
0.229478
0.617002
-0.250359
-0.211756
1.37501
-1.5246
3.65969
-0.473221
-5.06807
0.139847
-1.36407
-1.3554
2.72126
2.6493
