100
100
-0.925229
9.83825
4.79612
12.7271
-2.74809
-10.749
3.83993
-6.42327
-8.92378
10.3565
-3.52582
22.694
-1.64326
-17.3436
-3.68373
-9.48028
-14.8485
0.631085
8.81783
-8.08685
-3.20613
-7.15475
-10.1931
-3.9485
9.23683
20.9743
15.5597
6.86176
-17.514
1.51321
16.6426
-18.0337
-6.17265
-12.8314
3.84845
-1.1978
14.6485
20.9157
-9.92463
-1.47136
-2.59713
7.68676
0.0317496
-1.70797
-11.2834
10.2893
1.16149
-3.90601
-2.73624
15.7566
4.54327
-24.3231
6.647
-17.9954
5.97259
1.45142
-9.22747
0.742777
-7.95012
-16.8401
-5.15999
11.3679
7.36675
14.7367
-5.45744
-21.4353
-5.61731
-1.51032
8.87311
-0.66954
11.5638
6.7231
-6.16638
-19.5676
2.25811
0.90906
-11.9663
-3.30961
2.19582
-11.1768
5.22941
-23.9383
2.14615
2.09576
-13.4713
-2.07723
2.12452
-2.33713
-9.26023
-6.42808
2.81221
-1.7859
1.13292
10.1268
1.82177
7.06043
1.98978
-3.48389
-7.32277
11.0584
-4.32886
-11.0654
4.49689
6.9659
-17.3114
-10.895
-1.65773
-7.54319
-9.67284
-0.429237
-9.26476
17.7317
1.38327
9.69448
0.60666
2.03125
-10.3055
-14.4439
-0.99591
12.9188
-17.2113
6.90055
-10.1564
4.04441
7.63072
2.97967
-9.68593
-25.5161
19.2813
17.3833
2.13837
-8.37933
12.0696
-3.04726
18.4076
8.81916
2.23435
4.6091
3.93148
-4.43685
-14.0614
-21.1169
14.8763
-1.25412
4.37915
16.6617
-4.80359
-0.04607
-3.99321
9.37459
12.3686
0.577139
3.5512
0.285612
-12.7163
-0.476014
7.54649
-10.1765
7.47445
25.4237
-19.6412
-3.77262
4.89587
-1.23574
-5.95283
19.154
-1.24677
3.09915
20.7892
2.6238
-2.05325
-9.9037
10.1957
2.99724
10.5611
-4.17406
0.205865
0.77413
10.0165
-9.5539
-0.340245
-15.4323
3.31051
0.993809
-2.41292
-7.49907
-4.56061
-7.80815
10.153
-12.8323
-1.16645
10.2965
4.48227
-11.2306
10.7609
2.62113
-6.67138
-8.27448
11.5071
-12.5751
5.37047
13.6715
1.13448
7.26574
6.17566
7.85645
-7.90933
5.64927
-5.20814
4.36736
-6.74806
1.97088
-4.32806
-15.4874
-1.96252
19.6641
-4.48324
4.84641
3.15629
-2.45261
7.138
-9.2702
-14.2592
-3.57562
-19.2895
-9.60954
13.5949
8.93543
6.7359
0.810179
3.28586
-13.8455
1.19541
0.150177
10.5115
3.79927
-2.12114
-2.09161
-1.0242
-6.76905
8.9755
17.7513
9.71029
-5.02587
-8.11304
-6.89296
1.79571
9.0694
5.06936
7.4828
8.41372
3.03277
-15.0284
-6.02863
3.9207
9.20108
-11.0967
-11.4992
10.6608
-2.85686
-0.725613
-8.51737
0.0775166
3.59859
-1.18022
1.00902
3.12147
11.4426
-14.0466
-9.6251
-8.33804
3.52224
-3.36873
5.18756
5.75219
1.99421
-4.39531
18.5001
3.07561
1.61073
-3.59282
-2.97757
-9.25912
-4.82683
10.9824
-6.89614
1.39617
-8.02535
5.65005
1.22623
3.99122
-7.58438
2.13966
13.778
5.72366
4.78424
10.1389
15.9262
-12.22
-1.09318
4.85468
1.48026
-2.71845
-12.5683
-2.02975
5.69114
11.4167
1.38411
8.69422
-4.46525
-22.483
-9.83894
21.6456
6.42481
-5.55243
22.418
-8.8677
13.5552
1.87721
-16.1492
-5.35987
2.90124
-4.03574
13.5693
11.7762
-11.4358
-1.09029
-11.1163
-7.49073
-10.1091
9.31566
-7.83507
2.90159
3.54559
-1.14624
-1.25467
2.30598
-2.40057
-10.5659
6.97468
6.42721
14.8811
5.60062
-11.613
-14.8192
-2.25997
-0.529312
-4.80632
4.08256
6.39046
-23.5203
-9.37593
-25.288
9.81119
-15.9422
-1.45286
25.2279
-9.20528
-15.9178
-4.1108
-15.0871
3.94771
-7.06104
0.153529
8.2537
19.3024
15.2261
-9.05064
4.88737
5.38402
5.77185
15.0735
1.0431
6.77051
5.44803
-18.3642
13.7536
-6.81962
19.1158
11.1803
-5.07989
16.4195
-6.06513
3.58105
-2.69972
11.1516
-3.2368
6.88365
-8.68541
-1.26775
0.175822
4.75056
2.44023
3.13095
0.291284
-25.3487
0.492877
12.1066
-11.8839
-16.0421
2.10066
0.172443
-7.30812
-7.6688
3.99503
-7.28473
7.55833
-6.62739
-8.83119
-8.16392
7.63397
-12.0518
1.77259
-7.44467
1.62427
3.69655
-15.2836
-7.23714
-4.88208
6.59859
-21.0521
-9.61442
-2.56598
-5.02587
4.34705
-15.4387
-26.4795
-6.08217
22.4946
-2.44946
-3.19228
-0.877241
-3.43281
9.78113
-18.2806
-3.62556
2.96329
7.57195
3.04965
4.26254
-11.1876
-0.581507
-11.8361
3.91996
-1.35237
10.3464
-12.8443
-9.78554
22.2136
1.56193
0.371459
-6.68648
4.68741
-3.18379
-8.58913
-7.92663
-5.58827
-6.9351
0.073272
14.6292
1.12502
-5.35324
10.4766
-7.08019
1.98005
6.07244
10.0932
-17.1399
10.4012
11.361
-2.79766
-10.701
7.01476
12.2678
1.78751
0.452988
-3.53702
14.6017
-6.58215
-6.1984
-1.60287
18.2072
8.05982
4.0124
4.16235
15.0133
1.51138
-9.25427
11.0527
-13.7893
-0.932039
7.30175
-11.8848
8.10426
-16.9371
0.810616
-16.3216
-7.7194
7.07643
1.6317
-1.91812
0.348892
3.89857
2.64616
1.46665
-10.201
2.93282
9.13913
-19.6292
-15.4182
2.40888
22.1228
-2.43956
-9.57973
-7.18795
16.8576
3.89554
6.64249
-4.46464
1.47141
12.9585
0.749189
-9.00834
-2.72764
4.48437
5.78771
2.54339
1.44168
9.72877
10.7816
-2.6176
-6.34463
5.19691
22.807
-12.8301
-6.78468
14.1787
-6.30692
-1.00415
-13.4843
-3.63697
2.15739
0.0965788
-6.15482
13.3944
-0.432212
1.93305
5.77754
-5.14903
10.8064
0.831664
-9.72985
5.01577
-11.1068
-9.1793
11.8105
-29.2239
12.7268
-2.32894
13.408
12.5644
7.50008
-8.55933
-14.8868
-9.37228
0.467774
-4.19793
-8.94463
-4.38812
-2.38227
2.65827
0.831566
17.8911
17.884
-8.56258
-13.3466
-14.4607
4.33556
2.21785
8.13198
9.64067
9.63636
-2.02491
4.30018
-5.33405
8.48442
15.1966
-1.79072
2.84725
0.0942878
13.6175
-19.6663
16.3433
-1.29673
-8.39414
-9.79838
1.93575
-23.0373
-1.85991
4.56374
-3.16245
-2.60693
3.49859
-14.0545
-7.11264
17.701
-3.17447
8.04625
-5.50059
6.98604
-3.61506
5.27259
-8.81567
9.00693
-4.97432
4.41781
-13.1125
-1.98897
10.6176
-8.02239
-24.8213
6.45465
-8.57326
-7.82712
0.934608
1.94332
-9.49608
-0.942804
-3.9914
-0.365707
7.02615
-15.0286
-31.4588
-0.500186
2.42543
2.55522
-0.589057
8.19203
-12.151
-1.50657
-5.86454
17.4322
11.4787
13.4995
-4.79286
18.2892
14.3714
-2.3677
3.3966
12.7012
-16.81
-15.1317
-15.3924
-4.00374
-14.5456
3.55494
9.7606
3.11008
-21.436
2.23197
-27.7912
12.8113
6.59988
0.393335
11.3956
-2.43722
8.05299
-2.52977
-5.49861
14.8926
-4.64332
-1.22842
-6.20807
3.94534
1.38268
-3.50282
6.01398
-4.97664
-1.44068
14.0321
-6.91326
-2.33591
-6.66362
2.9936
-7.67454
4.37972
4.09611
2.88356
-17.0558
-8.17808
4.31364
-4.84148
0.18098
9.88196
-8.00037
2.51833
-13.0245
13.1995
-9.57462
-21.7904
-18.8755
20.2629
-9.23818
-11.3969
-3.90424
-15.3866
8.55645
6.44912
7.42536
-0.504884
2.51127
12.0012
-5.07724
-9.07923
16.3624
-5.87938
3.35018
18.9715
7.97625
-3.76163
-2.30419
12.18
-12.7528
-13.9018
6.27292
6.43258
4.19892
12.0245
-2.0008
-8.56524
-3.24141
7.48384
13.9431
9.26232
3.10251
-26.5954
2.28107
-6.62704
-7.4016
16.9518
-3.95839
12.664
5.95244
-2.65986
4.44956
-1.07798
-2.08512
-14.0328
-4.73397
1.88601
16.9097
5.93499
-10.5273
-9.06515
16.6761
-6.34901
7.09316
-15.7886
-16.3154
-22.0188
12.1277
14.1175
4.6399
-12.4529
-0.198334
0.429677
-5.90897
-9.58044
-6.90675
4.24644
7.84599
29.3938
-8.1229
4.95594
10.13
7.05391
-5.44422
-14.7545
4.14477
8.83403
-5.14248
-6.04824
-17.8406
-8.4046
-17.9939
7.3874
-10.2465
-3.46021
2.55737
9.54587
-3.864
12.869
-1.24964
1.87217
-3.96527
-10.3327
-3.1552
-1.77758
-10.1513
-3.06616
-10.0261
-0.285467
2.38116
-18.3206
-8.22302
4.92532
-4.68927
6.3876
6.25844
-10.0204
8.26055
6.45576
-10.4162
-14.7061
9.12863
1.83567
3.1719
7.51275
1.30783
-10.4445
5.13247
7.24679
17.1749
-3.01936
-3.30547
3.12833
17.096
-1.31383
-0.765132
-0.137011
-12.147
9.87056
-6.74262
9.37203
-3.55887
-19.7482
-1.65676
-6.56938
1.471
3.61372
13.1674
-8.30531
-16.9796
-12.0407
-4.72649
-1.15577
-2.32315
-0.537607
-8.27586
10.4057
-10.7748
16.6427
3.34331
11.7894
0.256541
-2.73594
5.40413
-4.533
1.75996
-9.98671
4.53157
13.6599
-7.82722
-8.13067
12.9816
-1.30056
3.72273
-4.06774
8.82655
5.72461
-5.13235
-17.3292
2.77534
-14.8064
-2.81422
-9.78276
-4.22961
-4.30029
-12.3524
16.7298
-2.805
4.62039
-8.89327
-8.6302
4.42935
0.240079
-11.3244
-11.9231
1.99938
-2.36361
-3.00108
5.48474
8.45006
-7.75545
-3.80954
-4.10949
-10.056
4.52294
8.01491
16.7242
-5.51988
8.93386
-4.28841
2.50511
1.89962
17.987
5.54867
-7.0388
6.6402
-34.8082
22.7417
-8.37588
10.6764
16.3862
-2.82983
-3.72944
15.3749
-2.00648
-6.59712
0.689575
-9.53628
-8.96823
-0.839728
1.15738
6.61167
-3.80065
-24.6489
-3.12278
14.1568
-10.7422
-11.4177
2.38997
-17.2922
1.97405
-14.3735
-9.77829
2.78836
-18.4458
7.5468
-0.120975
6.84107
-17.0981
8.11335
0.132669
-6.59815
-12.8785
-32.7115
12.0288
-1.236
0.281654
-20.5192
3.98234
12.0099
-8.4127
-11.3291
-4.44439
-2.32658
-1.02504
-3.2327
-3.1575
8.23727
-2.09902
-18.2103
2.48898
-14.4082
-0.0183575
8.4783
-5.59155
1.40943
2.1776
6.56853
5.9779
17.5563
-2.61216
9.27567
0.775276
-5.54598
6.98503
7.02664
22.9609
-2.61104
10.4656
22.9623
16.7074
8.69376
-2.23084
7.91533
18.0444
-4.44135
2.43189
-4.91343
-0.404518
4.25086
-21.413
-2.11107
11.4739
-10.9362
-2.96492
9.53417
-15.1106
0.275248
-0.217369
-1.92783
6.3433
-0.743325
-9.82562
8.16373
-6.54595
-13.0141
1.12497
6.26535
-5.60055
-20.2452
6.29799
-2.00312
1.72749
3.5232
16.1917
11.9971
10.1884
-4.31854
3.81255
-20.8729
-8.21347
0.817386
-5.80639
-9.24898
-10.1053
2.28719
0.885109
5.21195
0.337358
6.47845
12.471
-2.32911
2.67419
7.2201
-5.23679
-6.10903
-14.384
-0.226647
-0.451377
5.9349
0.104612
14.3751
-5.1347
-1.33218
-0.505351
11.4207
-7.42978
2.6034
-8.91085
11.051
-11.7303
6.73221
19.0782
-2.8027
0.255967
-5.27453
8.43635
24.0435
13.9855
-4.69205
-9.40918
1.61294
-8.22787
-16.4574
-4.29188
-12.8761
-12.936
-1.0351
4.57414
2.74096
19.2225
-1.08103
16.4095
-2.39195
13.9107
2.20377
-7.38679
9.4979
21.2471
-21.5409
-5.05348
3.39436
-1.83357
-8.62018
-11.1438
-0.933523
5.82371
-4.17821
-3.41211
11.7402
13.0186
4.26655
-1.91799
-7.70889
-3.26044
0.0190581
-4.68621
2.31351
-19.9627
-0.0256753
-7.79473
4.12891
13.5467
14.9449
-10.9393
5.26274
12.8217
-0.0625936
-8.80326
-11.0714
2.42091
5.89006
7.03918
9.24267
15.4063
-0.0186012
-5.34934
-8.71863
-12.5256
14.8476
26.503
2.97985
16.1516
-1.87274
4.75774
12.8699
6.03818
3.14624
3.16166
10.7168
6.10312
0.756549
-21.467
-4.76459
12.8799
-7.46906
-11.5508
8.87643
-2.96563
-14.1507
-10.8467
-3.96536
-22.2841
-4.55764
4.65662
4.54114
-2.37474
-2.49727
2.04284
-0.110658
-2.52243
7.42911
15.9501
12.9726
-17.2722
-7.23007
14.7694
16.6957
0.671045
-4.22403
3.53663
-2.05949
-17.366
-9.62996
-2.56224
3.86184
7.65861
9.32697
0.730337
15.7196
0.220983
0.573476
11.7001
21.1358
-4.37045
-0.332661
-12.7517
-10.5748
-3.4157
0.837236
-2.89199
4.11094
-0.248692
-33.5608
-3.52733
10.5265
-22.3124
-6.51155
22.4949
-2.84859
-9.94338
-17.9526
-1.10742
-7.47185
11.7458
-7.63214
-5.88261
-4.36728
15.7071
-2.79294
1.73556
2.35383
-7.55413
-6.21179
-1.15103
-15.6755
-20.2123
-16.5621
-7.12417
-11.5603
5.41922
-2.36482
1.69565
-14.1381
3.69829
12.0932
12.1133
-5.31316
15.3401
-20.0473
1.87187
16.5805
-5.98109
4.73007
-0.985288
-3.07788
-4.18893
5.94607
8.69015
-5.51155
7.06964
1.92284
-1.91767
-8.65391
-12.776
3.12374
4.37304
-25.1003
-10.1498
10.7041
-6.45961
-10.2204
7.30512
9.84384
1.95134
-6.95949
8.24518
-3.18782
9.99189
-3.21587
-9.7699
10.5753
8.69343
11.3367
0.822676
-9.63022
6.44446
-1.67864
1.01055
11.0782
8.27115
-18.7666
31.4604
1.16766
-7.71103
-10.6147
8.56162
-11.8907
12.1154
-6.18647
10.9716
-5.14198
-14.5815
-10.6637
3.50297
14.6371
9.46676
11.8084
4.14381
-11.5095
7.26869
-0.46634
8.77507
15.5492
-12.8161
0.268392
7.1924
10.016
-3.68561
-12.6313
3.46467
28.3374
-8.9488
2.2301
-17.3501
11.6461
8.43906
9.82159
4.02719
1.27115
14.8658
7.37475
-10.2158
12.6583
5.78765
-0.412156
4.33248
-4.0532
-8.84559
5.64739
-18.4653
0.0608129
-9.99164
4.63739
-8.03671
-6.38575
2.78551
-10.5161
-10.1954
8.40615
2.32643
-19.2113
6.61898
10.4133
-0.521306
4.37093
8.82656
0.237927
-13.1759
14.8804
-3.80686
-7.36009
-0.93869
20.8599
-5.58982
-4.52498
-8.03621
16.4882
3.43721
-5.40194
-3.16076
8.48874
2.52468
-10.7886
-8.53025
-4.29446
2.41594
6.44775
0.62519
2.31527
12.5152
1.86439
2.44666
-6.0973
-17.0584
-0.272783
1.96914
-2.47137
8.64907
-14.7461
-13.1488
-10.5897
-5.99214
-0.881594
19.9818
-3.27559
-5.87511
0.431242
-19.9998
8.19725
1.39435
3.69092
-0.382472
10.3423
-13.161
-10.0699
5.96547
16.2314
-5.90192
7.96267
-0.169443
-13.8566
14.3039
-4.61589
3.02981
9.31962
7.15496
-10.7764
3.15678
25.6203
-12.5364
-12.7696
20.2854
12.0663
14.1454
6.72813
7.36718
7.0875
14.5399
-2.60342
-13.4026
10.4272
5.97132
16.6285
-9.93266
-7.8778
13.4428
-1.09663
-12.654
-0.412399
3.90308
7.49769
-5.1273
-2.27883
-8.83529
13.9094
-2.43999
-7.21826
8.08761
-20.8076
-8.57867
-9.82447
-14.3705
12.5911
3.5338
-18.7169
6.58133
-13.1289
-3.97202
-2.71826
7.93373
-11.2988
9.16803
27.2088
9.4223
5.72241
-12.6603
-15.6664
5.55754
3.54059
-4.5374
-7.96065
-0.389388
-2.84438
1.0377
-4.58985
2.89532
-8.69731
13.2509
14.6679
-13.0017
8.00952
-24.5233
5.43138
14.5871
-9.63181
15.4951
-10.9356
4.71338
-3.5867
7.94065
-0.440199
4.28184
-10.4425
-2.16642
5.21607
-1.12776
10.8176
-7.37124
5.26789
-12.2016
17.9877
-6.16074
7.87971
4.5589
10.2047
-3.47754
-2.97616
12.9033
5.40359
-17.0928
0.587385
-16.3867
16.2052
-6.54302
6.77726
-2.54969
-0.443932
-5.78182
7.94995
5.39228
10.9601
-3.88217
-9.01045
7.34589
-11.9636
3.12862
-13.5009
-2.19898
-7.03637
10.8672
0.0878923
-13.0103
5.13351
1.39138
1.56026
-10.4961
8.86876
4.33945
-14.4032
0.191188
23.6646
-5.3955
1.49489
1.58871
2.27419
-9.64684
16.812
-18.1631
0.353437
-4.21912
-0.495198
3.06253
3.7438
-13.3456
4.84319
-18.6014
9.47842
1.20368
-4.07493
-9.88474
13.3206
14.0426
-10.3361
-2.67047
13.6218
1.3453
11.003
-19.7126
-2.98639
-0.887497
-1.53224
2.17753
-12.4182
6.20324
3.83611
-9.35706
9.40653
17.9738
12.6028
-5.45333
-26.199
3.55905
3.77697
-4.93024
10.8826
-8.62926
-7.24504
7.66846
7.01206
-10.7878
-5.14363
-11.5409
-1.47229
-5.82121
12.5989
7.67214
-8.80629
30.2455
-15.912
-9.07417
-0.664022
7.92419
-6.39268
17.7798
14.6185
-18.7967
5.02705
1.14637
16.7721
-7.44265
19.0469
3.2202
0.604003
0.323877
-5.86554
5.65592
-8.48741
-11.9764
4.87477
-18.6151
-4.84559
26.6283
-12.4882
-16.5641
-9.64559
-13.6092
2.4296
2.10323
2.91851
-24.4821
-5.10458
-6.11018
11.3867
4.23136
-17.3774
2.0646
-2.87222
-13.1884
15.2222
0.948893
0.862048
3.33194
2.67735
-3.9138
-1.15278
6.0021
-20.2132
-6.6062
-26.6238
-6.3813
10.605
-5.12868
-6.30028
-9.89228
0.17368
-13.0838
11.4964
-8.31753
11.3266
4.70928
8.41551
-13.9992
16.8616
10.7874
-2.57999
3.82736
1.87088
-9.82866
-3.92781
3.56164
2.00608
5.74472
-4.01355
-7.35039
-15.6237
10.1717
-3.6338
-5.27991
2.86865
13.3176
-18.121
-6.63664
12.8958
-16.4809
4.15331
-5.87948
-9.29588
0.0141205
3.51702
5.44143
20.8896
9.66066
0.325684
-2.72819
-3.81682
17.488
2.03328
5.05219
11.7828
-19.2583
1.45088
-3.83622
0.335073
-3.21375
0.801105
3.70945
5.71429
-10.3052
4.04107
-19.7086
9.12482
4.30703
0.908721
7.77325
0.953847
-14.1609
-3.33266
-0.666756
2.88594
-3.75452
10.7603
-13.8766
9.71595
-5.61315
2.2989
-7.72026
3.67494
-5.70982
14.929
1.36756
-0.712031
14.9747
-6.93834
6.93917
-16.4492
10.21
8.55499
1.74633
5.90973
-2.69255
3.74113
15.5656
1.40429
4.30725
9.59423
-1.46212
-15.7202
-12.0153
-2.736
1.22633
-5.82999
-6.85067
13.7056
4.32329
13.4248
7.21171
-3.73563
-3.40459
-2.00397
17.961
8.28563
-22.5218
-13.6859
5.80919
-5.29473
6.63827
0.832064
-10.2006
12.4146
-6.8325
-13.4027
2.51934
1.15467
3.25762
-10.1591
-6.97978
19.0935
9.70715
-11.4541
24.817
2.25505
-5.9732
19.0546
-6.29567
23.9656
-3.21826
-2.37067
-18.9821
7.02848
1.8986
12.2196
10.285
-1.78539
13.4168
2.48015
1.1275
6.18338
-7.18324
-2.11937
11.3169
-14.3459
-9.91922
-2.59593
4.95636
-3.67669
5.91093
-16.2408
6.12205
1.22615
-1.35725
7.36734
0.381561
-24.0179
-10.3535
5.96446
-8.76315
-6.32231
-1.54353
-14.8678
8.15448
8.56584
-11.0416
-11.1962
35.6681
5.41448
11.1707
4.4902
-12.1337
4.92258
-8.46602
2.38662
-16.9427
20.7185
7.38729
-17.5381
-6.1199
11.368
16.9176
0.0996424
-10.7866
5.97869
15.3479
3.26198
8.02513
-1.0919
3.09244
7.96685
-13.106
-16.3316
12.7149
-9.24918
5.30602
-3.59087
-3.78746
14.6501
9.43034
-1.73572
-2.75698
19.6775
2.34112
-15.4894
6.5384
19.601
-2.44374
6.58979
-4.09232
9.242
17.1035
-7.24541
11.1623
10.1381
-2.49515
-12.5263
-13.5033
-0.134846
2.56335
3.27641
-17.0246
9.8179
-8.08691
-17.4638
5.8524
-7.10222
-10.875
-2.24067
-11.6325
4.88552
4.43578
-3.13831
3.16265
-11.6844
-7.50516
10.3601
-3.72387
-14.1847
-8.93384
17.0179
15.5213
5.31894
-21.8175
-6.02715
5.13657
-4.79647
3.16264
5.00007
3.38974
-0.0151957
8.03341
-6.10759
-16.3654
-13.6686
3.14219
-10.5201
2.4603
17.3118
-19.3349
-6.27809
19.5202
1.90283
2.76374
-13.4288
-3.85083
-0.180002
23.3616
-6.3531
-0.64494
-3.60106
13.0945
-7.48665
11.9774
21.6624
16.38
9.76521
5.92409
2.21127
-23.4802
17.794
13.0099
-10.4968
-8.73631
10.2556
-2.34266
6.35275
-15.8508
-7.82852
-2.95584
-7.29642
-11.1691
5.53296
4.07764
3.4959
-5.33599
4.62109
0.992596
-7.03007
-5.0558
7.7123
6.62501
-0.580819
-4.06568
23.3826
14.2463
-6.19229
-20.9082
8.81962
-22.1016
-0.66005
2.20351
12.9207
14.9859
-18.8694
1.21933
-22.823
7.55274
2.89019
8.19233
7.35108
15.9103
13.1116
-17.1393
-3.00297
8.96553
26.2239
-6.48452
22.2436
2.92674
-1.38517
-1.55465
-8.70089
-0.177748
0.449146
12.4294
-8.05666
6.38093
4.95821
-10.371
-15.9379
21.3128
-5.76169
-7.19463
-20.5043
-12.7618
-25.9881
-13.8774
-0.0467833
-4.1053
-3.49351
6.57295
6.47247
-7.79338
19.7197
-2.80488
-15.6553
-9.65058
-16
22.6855
5.62392
12.0974
0.701304
-0.393903
9.8965
6.97575
6.06375
1.44623
0.822876
-1.4503
13.6797
1.36131
5.02816
17.1505
4.91507
-0.230774
7.61411
-0.702552
-2.45687
7.27338
-7.97521
-8.7285
14.959
-27.5832
-20.218
-0.432454
-17.0533
-4.95155
2.32248
21.4151
-3.49131
-12.7268
2.40375
-12.2837
-26.2851
-2.22587
11.2104
-1.37833
5.11261
24.3588
-0.792614
-0.604909
5.89591
2.70712
-10.3192
1.84205
10.659
7.83242
5.18148
-20.3497
-17.1322
15.0914
13.258
-0.641881
11.2756
11.2096
0.320775
-16.4386
-3.0877
-8.83905
19.9916
-1.06435
3.44021
5.84153
9.04779
-3.78891
-26.2583
9.00413
10.8587
-0.849212
10.8688
-14.508
21.0404
-11.4118
-25.9902
-7.95958
22.5645
-12.1124
-5.2861
-23.422
2.28328
-13.8548
1.32849
-7.03001
-7.48671
-3.85644
-1.95461
0.818122
3.42014
-11.7528
7.59724
10.5572
-1.1317
15.118
-8.19548
12.5635
4.76567
2.73066
7.4398
10.0481
-1.24668
-10.6778
3.44342
1.98046
18.9224
-3.11864
6.67534
-10.4515
-2.56227
1.39366
0.335466
-17.638
5.00548
2.18722
3.72647
7.60529
1.42827
12.3099
4.32725
1.8841
-15.2405
0.296687
-1.42694
-8.18162
4.89929
-14.8041
-11.6368
21.8007
-5.27136
-7.50166
-8.20869
-3.40904
6.82748
2.4963
9.5187
11.3702
8.95581
-4.71215
-6.49862
-4.59586
10.3203
8.003
-19.798
-15.6707
1.4037
-7.29017
-9.41707
-12.3661
-16.3817
-5.38355
20.1191
5.4659
7.66859
-7.02374
-18.472
-5.86262
-7.81339
2.513
-4.96992
-1.70308
-6.66154
-9.51647
-12.8688
4.69779
4.83606
8.49856
-6.95268
3.63068
-4.33661
0.0378846
-7.25954
-7.63125
-18.046
-10.1678
-3.37316
4.2513
-13.379
3.70908
4.43274
-13.0846
5.01923
4.77386
-1.36838
-0.915572
21.3553
-1.63061
0.0738043
-8.12347
3.88384
-0.783626
11.0825
-11.0143
-5.44245
14.8806
-4.04251
8.78396
-25.6781
4.76331
-4.6649
-4.94856
-4.32712
11.5635
13.4946
2.62864
-4.97693
10.0916
-10.3833
8.14296
-4.57319
-3.35308
-7.26426
-5.67152
-16.1439
-2.85602
-9.34396
-5.47799
0.27953
-0.0941188
-14.1796
2.47128
5.31516
-17.4009
-6.4491
2.41345
5.24131
13.0912
0.249085
-10.0536
-2.19544
7.53099
11.8202
-6.4051
-5.4638
-10.4718
-6.56768
4.71921
-8.21094
9.68969
4.1637
-5.20913
6.66468
8.38456
15.049
14.6561
-2.29927
11.0403
-12.4559
-6.24449
14.3068
3.41478
-1.22078
-14.0491
5.85136
5.88734
2.96589
5.85862
6.45973
-0.0372535
-6.95012
-1.16971
-2.67635
17.7386
5.99389
11.7829
-1.5842
-16.6631
-3.93008
7.04555
4.06232
6.02807
3.63763
-2.70829
0.799298
7.67748
16.343
-7.05149
3.40422
-19.4603
9.05558
12.7958
-6.12721
-5.40866
-18.8384
-5.88021
1.89503
-6.31483
-0.650209
21.6301
12.1712
-12.5479
-9.55177
-3.52761
13.9169
-2.33767
15.1235
19.8473
-2.77429
6.96825
4.91732
-19.6622
29.7012
-8.28254
3.58755
2.33248
10.0582
8.61467
14.502
-0.549863
16.491
22.913
1.33089
-1.85836
4.57388
11.3099
-5.25469
13.8581
-8.74173
6.94562
4.20403
-18.1346
15.1106
-13.4083
-3.76521
10.7223
-2.58151
6.05271
16.7994
-5.63437
4.59341
-5.77591
-11.2429
-10.9009
-1.41772
-11.1612
4.82063
-11.9357
13.4056
-21.7465
-4.30642
-10.3416
13.7715
14.0316
-32.0775
-2.68282
12.1172
-17.449
-9.53208
0.575864
0.849821
2.53607
6.31368
21.4617
13.2583
-15.5102
-11.2895
-13.2562
3.54518
16.5968
-1.111
8.01794
-16.4027
6.5724
-11.291
11.2762
-4.9315
-13.3047
-1.41121
-0.355337
3.6703
-21.2196
-17.1418
-16.074
13.5003
-12.9386
-14.33
3.81733
-1.73442
10.6943
-11.9233
-17.9436
-13.7063
-22.3212
-6.15217
-0.575009
-14.2687
-14.3663
-9.28973
-10.0365
-9.21927
20.271
-24.6942
-1.45838
2.38802
2.01512
-12.7718
-9.67097
-0.639284
-7.59325
-13.341
13.8511
-8.22612
-7.33717
5.66486
26.1854
1.16872
-6.39577
3.34501
0.877602
-9.81295
-11.5605
-3.25663
-1.25362
3.1085
-4.87926
-19.5573
-1.03608
16.0196
-1.0851
11.7383
9.1423
17.1234
-12.1466
-3.90698
6.11728
8.80309
-0.285814
-0.0448303
-13.3188
0.0804653
5.49926
15.8928
4.89397
-8.58874
-9.47833
0.654549
-3.28603
-27.2539
-11.9111
-6.07779
-9.773
-12.9347
-2.17211
1.39397
-4.64606
6.48879
10.9236
6.36893
13.3016
0.0464629
5.37789
-2.8201
0.327662
-23.5181
20.0375
11.0681
0.229028
10.8251
6.1592
-15.4092
-18.9028
-2.35421
-3.82062
8.3312
21.6778
-3.14376
-3.99348
8.957
-8.30911
6.15905
4.12988
-2.98073
5.21716
1.85141
11.2598
-9.08947
14.1721
-16.2645
0.856729
-3.20036
2.66318
7.78332
12.4294
2.19628
-1.9156
-15.8984
4.73548
11.3366
9.82691
-11.8866
-11.7874
4.12462
-3.4801
-1.07831
-3.59029
17.3862
-15.5257
-23.715
0.1365
-2.7572
2.42155
-0.576259
-9.90844
-1.48639
8.72256
9.31472
5.89985
8.05528
-16.0235
12.9108
-2.82452
-6.96036
-6.1041
1.34063
-0.387399
14.6023
-3.11073
-10.1753
11.5058
-10.7577
-8.86024
-8.92316
22.1386
-14.3236
3.26908
-6.03312
-25.2941
-5.47646
-1.0563
22.2499
-10.0681
-17.5893
4.31846
-2.65597
4.19547
7.88733
9.11335
18.4451
10.4286
-13.3858
-22.452
-5.31247
1.24886
-21.3529
-1.4029
-11.5592
25.6476
-14.1583
-8.70275
14.5289
-2.48401
23.045
2.42476
-6.52139
5.25457
-6.19407
11.1507
10.2327
23.1403
20.4549
-18.1731
-4.5235
4.75512
17.9408
-11.264
-13.6625
9.36119
2.76159
8.04758
-7.93806
10.3931
-0.790463
8.42454
4.68855
-17.9566
-14.9177
-12.0381
-1.30439
7.99314
-5.3935
-19.4101
-11.5496
20.7713
8.90893
-16.8605
4.2037
14.8404
0.452789
0.868114
-21.6798
-30.2914
22.635
-3.45434
-19.2097
2.77578
-19.3929
4.6076
-24.0697
2.33594
-25.1782
26.5831
-7.66092
3.38067
7.01155
-3.57982
-5.5283
-12.2141
-23.5231
15.9424
12.132
-15.0671
-6.44396
-5.6949
-0.711781
-23.2066
-13.5641
-3.07776
-17.6837
-0.11151
16.0412
13.4793
-6.70197
-3.93566
-18.6304
5.2447
-7.30499
9.96906
8.23394
6.20649
14.6042
20.7322
1.41262
11.1297
-12.6064
-2.50557
-3.44931
21.9345
0.869335
14.3327
-1.86812
-10.016
-8.44872
-7.32954
4.8314
0.967913
-12.3236
-22.5131
3.79597
-11.8341
-5.78847
-5.13527
-11.6531
-3.10327
4.97917
10.5532
-0.875415
1.03985
13.8294
0.925295
5.14871
-5.38126
-6.94151
8.41809
-2.50121
6.32328
9.73598
6.54966
-15.2678
20.4577
-9.11257
-9.12961
14.9676
-2.09287
0.0882018
-4.11111
8.72626
-13.3297
-10.1886
0.446761
-29.8534
-14.9268
-5.33589
-11.6232
12.9652
-13.6477
-15.3042
19.0145
-1.06831
13.9718
-3.99831
7.99897
-4.28378
-3.43235
0.091878
5.09792
-13.1661
4.1399
13.8726
-4.58322
7.05238
-2.08421
3.04447
-15.8858
0.126684
9.43543
7.52785
-10.7935
-1.47387
1.99067
3.19361
9.34127
-2.64299
4.47168
-3.20401
-16.8424
2.7741
9.95658
6.0546
-1.05017
-5.8191
-3.14207
1.05175
-9.82571
3.79753
14.6682
3.68127
-11.1372
-12.0019
-7.73091
14.0024
-1.93924
-15.3087
-2.38365
5.10114
-10.5945
27.8569
-13.0561
-8.31066
2.68783
-6.26024
-0.520511
-8.04714
-10.365
-13.7882
2.88837
1.97886
3.18426
-2.8701
-2.22878
15.6526
0.970757
8.2477
1.43149
13.3152
-4.17974
-5.93688
-10.1743
-10.526
6.09857
6.29569
-8.08369
-3.4529
13.5064
2.91479
6.63961
8.36807
2.99907
14.081
-16.2127
-0.286911
11.0905
6.08223
1.96368
-9.49926
2.55066
-19.7477
-8.47855
-0.537842
8.08474
14.379
17.6485
-0.0724251
-5.69285
8.85361
-2.75444
11.0771
-3.40971
6.91373
-2.20006
25.1601
-2.18243
-13.3312
-9.24946
12.24
11.7735
-9.84428
2.60809
-22.4118
2.43307
-15.4184
-12.7159
-13.8473
-8.01562
-14.67
-2.04695
-13.248
4.86873
-9.48493
2.97874
-6.04604
3.27471
3.66323
15.9766
17.5776
0.41865
6.52467
3.83761
-7.2942
4.51241
-4.92717
-9.78708
6.29192
-11.9992
-13.1562
12.7618
2.96445
8.99105
-5.85722
9.80477
2.50229
12.6326
-2.85987
3.45147
-4.54336
9.59213
0.147446
1.9817
-6.17928
8.4772
1.76633
-0.950071
0.661421
0.816039
-4.7204
-14.5422
3.44642
12.4942
-7.0438
2.89314
1.44464
6.35343
-14.9557
0.582791
3.06879
-5.02321
7.47889
0.574173
16.734
7.09375
-3.07028
-5.32458
-7.3561
-0.655735
12.438
5.00582
7.14085
8.66526
-1.30335
2.04371
3.07967
-3.16786
14.8605
9.44063
15.96
-3.87215
20.2927
-15.5804
2.275
-14.8643
-13.1435
-2.87147
1.78985
-15.5453
1.55495
5.87109
-4.35816
-7.59896
12.1993
5.62282
-9.65718
3.04619
-1.67312
0.324115
-1.4202
-10.4136
2.02097
1.08827
19.2413
-11.6431
-13.7918
12.7029
12.2925
-0.814056
-1.25015
12.4769
-3.82109
-10.626
9.03882
9.99131
3.47206
6.44633
-8.17039
3.01325
12.8059
-10.742
2.06037
18.1967
13.8998
4.31197
4.19939
-16.6218
-8.48268
-8.69591
7.72219
-1.19815
-8.61216
-26.7708
-4.33658
-14.25
0.766223
11.0634
-2.24036
-8.89765
-14.0978
-18.0791
0.317396
8.19378
-30.5725
8.39252
-4.41736
-17.6166
-3.23614
-20.2485
-10.9371
5.11427
9.08633
2.34291
-5.96303
1.57695
5.26602
0.575568
-13.351
4.98851
-2.02732
-7.26151
10.3097
1.08456
-3.55634
7.25527
7.54201
2.77534
-0.0636147
-8.52784
15.2636
2.91984
12.1442
-4.86652
2.64888
-0.0470702
-7.97115
10.5552
-6.91525
4.83232
0.485741
8.62726
-2.65093
8.12944
7.37373
-5.29007
3.19003
23.3892
16.0113
2.65076
-1.82772
-1.35024
18.3286
-14.343
12.4608
-0.755427
-7.0911
-0.217494
-8.01331
9.60646
-6.86479
-9.33689
13.066
4.84292
-9.10019
4.07597
1.76313
0.540347
-8.75283
1.97825
-3.13113
10.8863
-8.10034
-6.20083
-3.72632
-5.33291
3.45266
-9.17366
-0.227243
7.4418
17.0675
-9.00075
4.73011
-0.361411
18.4666
-5.03639
-12.3108
23.1133
-7.71372
-4.58835
5.57231
3.85283
-4.82142
10.8852
4.78876
-4.39566
7.00574
-6.00209
-25.6406
9.23007
-9.20977
-7.06304
-14.5267
2.43985
6.84494
21.4129
9.03284
24.7176
12.597
-6.48318
11.4232
0.506096
-3.80161
-2.12987
1.24059
-7.49774
-2.5739
18.1685
-6.18268
-0.62956
2.76292
8.24319
-13.0414
15.2826
-2.71827
-29.512
-24.5091
10.0122
-4.57484
-3.00257
-11.9448
2.67405
7.53964
-2.7555
7.00698
14.3256
-10.1871
1.6484
2.90177
-6.08213
27.6027
17.7367
-15.7792
13.2601
-9.53783
0.244309
-25.9636
11.1785
-4.16001
-1.8493
-6.09034
-4.26398
-0.31326
-6.51583
10.833
-18.3147
9.07341
3.8408
-13.7219
2.45958
9.48254
-19.3808
-7.78402
5.20392
-0.616014
-11.0058
4.24063
-22.7529
2.33586
10.628
-14.4738
-0.575242
4.43764
-6.9764
-0.378633
-1.15414
6.41653
7.62155
9.04803
1.96981
-11.422
-1.72166
-1.53946
-13.5776
-8.11253
-2.42011
-6.79294
-10.2236
-3.73708
6.91839
-0.0718653
8.40448
0.0906108
-0.156668
7.99876
28.3927
7.13686
4.89059
-15.2898
8.78032
2.88787
-0.8791
6.0435
1.10851
7.37051
2.70119
-2.42664
-2.26341
22.061
-1.50791
-4.05084
15.3266
-9.85312
-5.11177
5.15018
-3.06574
11.7392
11.5184
7.71094
-2.85441
-4.44904
17.2501
1.41939
-7.63978
3.90259
-3.9196
-9.38496
-1.35258
18.9043
1.49617
11.6766
-5.2085
-1.90642
13.6079
-13.969
-4.12512
6.03461
-1.55923
-5.48447
3.38785
-23.7944
-20.1842
13.5505
0.626311
-1.4761
7.81674
-15.2415
-8.9429
8.19773
9.41822
-6.7966
-18.4429
13.5117
-2.24839
-23.3514
2.54007
-0.984138
9.67294
17.749
-4.3431
-1.15377
-6.33255
-6.20007
-16.8769
8.97058
0.201683
-13.3078
10.794
-3.7809
4.95871
5.85514
-5.46886
-3.1787
1.59832
-1.16204
-3.0781
-10.8392
-14.1968
5.77282
-5.4536
1.43877
20.1331
20.1099
0.213137
-2.26764
3.00066
8.81913
3.21072
-1.09872
1.45539
0.135066
-1.9821
6.17262
-7.25319
5.38022
8.74126
10.5933
22.5688
-9.55174
-8.00901
0.90256
3.24443
-13.405
5.4001
-1.92995
-12.7854
15.0638
3.22119
10.3684
-5.5905
-4.05624
-4.72081
-10.0211
-9.03648
10.5874
-5.47882
-2.57495
-6.8462
-18.788
6.91225
-0.756337
-3.61893
-7.89375
6.54713
-2.42876
-11.68
10.3552
11.9377
18.9098
-25.7852
6.0117
-1.22627
-4.12553
-0.999651
2.67259
-6.83861
0.0195386
2.52306
16.1701
-16.1177
-19.1503
-12.3282
-20.3154
1.04693
6.24859
-17.4445
-23.6726
-10.995
-3.6724
-8.69812
12.5384
5.39142
8.93898
-0.554779
-0.139324
3.62553
5.69955
3.39178
11.5522
9.24368
6.56617
-0.992218
-1.70025
-1.1341
6.79693
9.32862
4.73067
-5.62128
1.31935
0.150755
-0.602705
9.19183
-1.50161
-1.51765
-7.44409
-2.43688
-15.0484
6.10362
17.3984
3.67057
-4.12188
23.0847
3.93557
-3.82799
12.689
16.8906
7.6893
19.3454
-5.05926
2.16902
3.0804
-0.120133
5.56358
-11.7453
-12.191
8.41664
-1.16129
2.44206
-6.04046
-12.2016
2.42707
-10.9318
3.123
5.01948
3.35497
-7.29567
7.256
-3.57912
1.75975
13.665
5.67556
-1.02106
6.83662
14.7804
-0.61342
5.40113
-7.62639
-9.35769
12.4963
-2.55965
15.5812
2.78204
-4.38427
5.67356
9.09199
14.2131
1.77271
-21.4812
12.2855
3.17984
1.26225
-3.5508
-0.944849
3.53568
-3.44932
8.98099
-0.181353
8.15803
-4.10001
1.59745
5.9301
-17.6772
-16.3683
-0.319229
0.865125
4.15637
-1.56352
-10.2795
-4.12336
15.4824
-2.5876
2.57458
2.86282
7.77095
0.194301
17.9841
-3.11448
-19.2029
11.2807
-7.81492
-11.1013
-8.50876
-6.91687
5.64502
-4.68501
8.04428
-1.27382
29.2469
1.02948
5.94351
3.84106
-10.9023
-2.77353
-21.5157
-0.107821
9.36995
0.590293
-15.1903
-5.55505
-1.19639
5.826
5.63079
-15.9048
7.31541
6.55831
2.04966
1.2831
-7.51757
-6.18829
8.05804
-18.3729
-7.54129
9.53118
-12.2375
15.3669
-6.6174
-18.6661
17.0089
10.1162
2.10993
-18.1275
-18.2873
-9.18617
13.3133
-18.9803
9.72357
-3.90904
-6.9592
-5.10964
9.973
0.563318
-5.1356
-1.1149
-15.7915
0.145171
15.0694
-4.44313
-11.8021
9.71046
4.69171
-8.02301
2.44113
9.59741
-2.83933
-0.593494
10.2315
-5.49939
-6.00489
11.1883
0.58828
6.52103
2.24099
2.04286
16.8266
-23.7706
0.438861
-3.62294
5.24962
5.94859
6.27806
4.49267
-9.75881
-4.06871
-6.06178
-4.19706
13.8146
0.976227
-16.2406
9.56835
-6.24139
-0.06461
2.60971
-11.9648
10.9312
13.8632
1.33035
-16.6726
-2.55461
5.08816
-3.30585
0.25487
5.95101
-3.8883
11.6623
9.11106
-18.6174
13.2808
0.713809
-10.8921
-7.91885
2.85286
-0.445309
-7.49231
10.0145
18.5872
0.083192
-9.5944
-5.25
-1.49293
4.32981
-7.11755
-6.38957
5.99571
6.19008
-1.40256
7.37344
17.1354
-6.99564
8.04308
1.82025
2.18043
11.4052
2.7578
0.890549
-7.62683
-9.22625
8.86335
-16.4094
-7.00943
0.321115
-1.48721
-11.9231
-3.01749
-5.18076
-18.512
-5.23648
7.11003
-3.31718
3.9318
6.07202
-15.8368
-7.82256
-11.7567
3.55493
1.99139
-14.3891
16.558
7.9571
14.4579
5.37699
8.28548
15.0098
-10.2162
10.7192
5.71537
-7.00994
9.02349
-11.4759
1.66004
6.17959
-6.09484
-0.83355
-6.31211
-6.98193
22.5161
0.778853
1.7161
-14.6861
-6.60253
1.73387
4.32611
-20.9583
-1.05902
6.81432
-1.36203
11.9158
-2.37887
-14.211
1.089
13.5678
-18.0466
-2.69552
7.1669
0.125667
-2.38837
-1.652
-16.476
2.15193
-7.00095
6.37861
7.62802
-6.11623
-7.86474
2.49457
11.6531
5.57476
-10.0818
4.7125
3.76621
10.3325
-10.0488
0.667093
-8.84479
23.7992
3.68392
-16.0649
-0.67267
-5.32312
-5.8072
-0.964459
4.06668
-5.81474
-7.06407
4.0984
14.6304
1.68195
3.28157
-14.3807
-5.81832
-5.66184
1.82566
-0.547618
-18.4008
-2.74803
7.4192
-0.607177
2.02185
27.7882
-0.728752
8.45827
-16.6672
-12.3901
3.67709
-3.28434
-31.6141
-4.65574
-10.9067
-17.4449
-1.21819
-19.8597
17.3006
9.69964
-9.80525
4.64382
9.71845
-4.41637
3.90769
0.310373
-29.2331
-13.6036
5.55683
14.2664
12.8725
8.9217
22.9673
3.42779
-5.6395
-12.3733
-16.1518
-8.43196
-10.7381
6.2651
4.61505
-0.846242
1.47721
-10.6087
-24.5794
9.76773
0.869711
8.58631
13.3729
-8.11897
-24.0962
12.0027
-7.22657
1.19357
-8.91808
-5.75641
8.53321
7.15182
-8.84795
18.9355
-14.4919
-12.2139
16.4801
-1.53058
-3.77587
-5.6725
2.27249
1.62037
-2.61561
3.39601
-18.3638
27.7349
15.2644
10.2431
-3.39179
-6.48813
2.84273
-2.89691
10.5785
-10.1363
-0.364707
2.97836
7.73503
-10.2804
-3.90949
7.06637
8.53466
-9.04791
-1.45661
5.71662
2.30604
-0.735595
-3.34441
-8.71175
-0.537343
5.38988
-1.68021
-10.864
4.43941
5.4339
2.90102
-1.44264
-11.7597
2.07893
-2.75119
-4.48303
-7.00706
-4.56427
4.74713
1.23964
7.15869
-7.72124
-0.59274
0.187301
-20.2682
4.02435
11.7603
-0.108729
-4.84708
-14.6709
-8.30456
1.92582
-6.06088
-3.55488
-2.26581
-1.21493
-0.340904
5.34075
1.64022
0.903819
-18.8896
-8.41793
7.11604
-0.992219
14.0446
-2.93339
5.87066
-0.12798
-8.01441
-2.74798
-5.13948
14.3207
17.4692
7.58041
14.9196
5.8145
8.26338
-5.87493
-6.96453
5.02946
-7.16081
-4.03043
-6.6054
-12.0566
0.510018
-8.58145
-5.14137
-9.12044
-2.21958
0.946221
-8.30112
-7.62418
6.16485
-4.58023
0.470151
-8.5533
3.28693
3.72216
9.32205
-2.3464
-7.0423
-8.93456
-14.5703
-2.22766
4.99205
21.4829
10.0826
2.87794
-21.8143
7.36868
5.03324
0.113655
-3.43552
-10.8519
-18.1443
0.348801
-9.26209
11.7917
2.4362
-5.92742
-18.0587
-4.60116
-14.572
10.9795
5.73146
9.06871
-0.111252
9.98875
-4.91577
6.34611
-3.19307
3.80634
-15.3388
-3.2817
-0.557073
23.0544
21.9538
19.7303
-3.5112
-19.6294
11.7049
-4.28084
-12.9704
7.9856
12.2365
6.61708
-8.21422
-3.05805
12.022
-1.63557
17.9152
-13.5287
-1.35723
1.12823
-11.7231
10.0432
4.51553
-0.388054
8.12206
13.7191
2.67315
12.6788
13.8889
-0.537198
-2.87805
10.4905
-2.09094
-5.61583
-14.4995
-3.76289
-3.07938
8.70335
13.5502
4.63073
-0.725544
11.1723
8.82513
6.57252
-1.94033
-3.98518
4.3282
7.15731
11.4202
-5.66242
-13.1171
6.81672
-5.07686
-16.5715
-32.1592
22.557
5.98704
-6.0348
15.9488
1.44281
-5.64199
14.016
-1.36066
-6.7112
6.38604
19.5177
-7.92216
20.9411
19.7057
-7.35625
3.60753
-8.96522
10.5908
-12.9122
-7.20973
7.20427
-23.3221
3.52753
7.04065
5.7044
-4.62218
9.68861
-6.20261
3.69563
-24.3826
12.9143
0.641925
12.4846
-13.5688
2.65648
10.9544
-5.93045
-3.51196
-1.16306
22.1168
-6.95377
1.70398
-6.22522
-3.16351
1.08605
-9.35597
-1.75125
-1.16555
2.3034
7.15141
-17.6033
-1.16569
-10.2135
-6.65522
-14.0871
-10.6476
-4.55474
-1.48489
18.3353
10.9264
4.79427
-6.82917
8.79784
-0.00811119
-13.7986
13.1559
6.90133
-2.01551
10.01
9.65756
-3.56991
11.6828
1.38761
-7.00368
-13.5326
-12.7634
13.2677
-3.34923
-14.541
-4.1412
-5.58799
-7.51745
3.17784
-12.0343
-9.60418
-5.79365
-11.1225
-4.71516
11.0171
-14.3482
-13.5005
5.09036
9.39572
13.6863
3.93272
-6.41489
9.06065
-10.4035
-9.78733
-0.722658
7.67657
5.06998
-10.5593
7.38673
0.475643
-17.8376
-1.62551
4.61001
-0.761712
-0.870564
0.714689
0.508452
-5.19375
18.3968
-0.294324
5.55197
17.6545
-2.85071
-10.7578
18.6096
-1.67565
9.15263
10.7895
14.9599
-0.159541
1.83894
-10.001
-11.2502
2.97635
1.90247
-12.1144
7.8819
-11.229
10.0492
-4.66919
5.22762
-1.84474
-18.1085
-2.36361
17.4349
4.43896
5.18843
-22.0141
-1.9415
-10.1868
16.1719
-4.13037
4.80762
-1.2005
-17.5649
-9.94646
12.6279
0.731316
-0.440993
-9.52673
-4.67639
3.59662
13.5427
-4.74824
2.14202
-13.7749
-3.65056
4.8388
3.61987
17.5676
2.48357
-15.375
-13.7353
-9.78394
2.87996
6.50709
8.92889
-5.3433
-5.42905
5.65543
5.22153
14.126
-6.02777
-0.327906
7.87466
-6.1073
0.558535
-4.88891
3.41812
-16.4753
-13.3571
16.3977
-17.646
39.6714
-13.6856
-7.33447
9.95568
-20.7349
15.2867
-8.91559
27.8915
10.2975
16.9209
8.29527
-4.861
-7.15532
14.93
20.3377
11.9613
-12.5179
16.848
-6.62345
24.8297
-6.38151
3.3292
8.27075
2.10769
6.4014
-1.94335
13.8673
-10.0857
4.21338
-10.1945
8.75925
12.5101
-14.1389
5.40349
-10.4586
7.22021
-1.02029
7.27369
-10.3428
-6.73424
-0.207346
6.17679
-3.31476
-12.3842
-4.04122
-14.9995
9.70721
5.16788
-17.5047
4.44908
-14.4617
-23.3129
26.7944
19.5691
7.00978
-17.902
12.909
-3.99376
17.447
-4.94765
8.76598
4.3938
5.6702
6.13922
0.450332
-14.478
-21.4026
12.1451
-0.448976
-3.36146
19.7806
-14.997
-12.7468
2.5533
2.46677
-3.76124
-6.13574
-7.63714
2.2556
-4.49485
-8.02748
-5.15288
13.4223
-5.79498
0.920501
13.2283
-9.55502
6.81363
-9.41326
2.29145
-15.9902
-4.38531
5.54365
-20.1579
16.8153
9.22336
-9.52871
-1.96529
-4.4682
8.85751
-1.9184
-3.97624
-13.2794
2.84309
11.1994
-19.7572
-0.737886
8.27305
-15.86
-23.2552
-8.2821
0.228435
18.553
-18.1159
-10.453
5.58427
6.25809
-12.0976
10.5863
4.89218
-18.4003
3.51005
3.35121
-18.8501
-1.46325
-12.3689
-7.2616
-5.33342
-2.30287
17.5547
14.6701
-23.2698
5.54023
-3.22682
3.44383
-6.49069
-9.99485
-2.61494
-18.2603
-6.47383
-4.959
10.3738
-2.32627
5.77205
1.39248
-20.5118
4.87654
5.95962
-5.0096
-9.5895
-2.24695
10.35
-3.49583
-7.18279
-2.00855
-4.52606
9.89221
5.08526
-24.4615
2.10095
-12.3239
0.793547
4.96237
1.89539
-0.88575
-10.4525
0.958784
2.80694
-16.2377
-15.9297
2.62299
1.06861
-2.68579
-5.41857
-3.28415
3.80767
-1.81552
-16.4793
-0.0308805
4.65702
-16.9102
-20.1421
-27.9927
-1.04692
-15.7866
14.8359
2.91343
15.425
3.37853
-10.0507
1.39109
10.8565
7.36365
-1.06244
-7.63662
-19.698
-0.548162
-6.90868
-1.28786
8.87307
6.13346
7.71971
14.9783
-4.47465
-3.62945
8.67905
10.999
3.37723
17.4786
-13.7717
2.17227
-6.05929
7.39577
9.05243
-18.6712
10.4945
11.6901
-4.63811
18.3281
9.58396
9.83742
-6.35765
-11.4769
1.73384
7.14416
-3.48856
-3.3635
25.5028
-17.5992
6.73861
-11.264
-5.47218
-9.95228
3.55041
27.4527
11.2119
9.92082
-6.19981
16.0451
9.38449
-1.76611
12.7819
16.2952
13.4244
-8.58072
5.77647
-2.26212
0.140873
-4.12674
18.2913
3.23678
1.99758
7.83264
-6.80421
-0.228603
1.89582
-2.4253
0.618304
8.57851
-20.169
-6.41369
7.26824
2.28685
-6.54431
-4.08916
-21.7105
-2.19225
20.8844
2.11065
-4.06396
6.98874
-1.94734
-10.0931
-15.1147
3.38347
-14.9403
-3.53338
2.38027
-3.9888
2.89703
7.35881
7.92106
4.64648
-2.59987
-8.15648
-4.33253
-12.6385
5.16052
-9.37633
-1.2442
14.3342
9.14184
-0.257647
-16.1375
-2.90198
6.4009
-0.608456
0.368586
3.83483
-5.78546
4.79502
0.840344
-6.40373
-3.19564
-22.7582
-7.30303
6.36302
-2.64204
-18.1073
3.47991
-7.35089
4.07428
9.46373
10.8767
2.33636
-5.02923
2.7651
-8.62092
2.71372
-13.8627
-2.30123
3.27103
2.23301
-10.9242
1.01391
-13.6953
-3.7188
-5.67877
22.4482
-0.213479
17.7286
15.7097
-13.3874
-20.0092
5.23867
6.82445
16.9687
-4.92974
-16.8121
-0.377228
-7.51642
0.637551
-13.2411
-3.47629
1.4317
-7.43763
3.00976
10.2138
12.9194
4.15148
3.72639
0.975033
-1.50918
2.12637
4.80681
-9.46495
0.0125518
3.96726
3.00161
12.2688
1.41724
5.30448
3.50038
15.2631
-7.20899
-4.00785
-7.82732
-6.71232
-4.8253
-13.3348
29.0399
8.472
-3.13038
11.57
19.7144
7.10845
6.42255
19.5977
-9.49385
-15.9346
6.05301
-5.50133
-17.7576
13.368
-3.48135
13.1231
6.78755
6.51464
5.59258
7.2882
9.60391
-1.46672
6.50321
-6.88934
-13.7137
15.7598
7.66529
-1.04622
0.474599
11.4777
-12.1775
-4.26709
17.1892
-14.8938
2.9632
-7.08608
-4.22721
0.624246
-3.14157
-8.17559
-10.9274
-0.957733
-12.7363
4.38187
-1.44628
19.327
13.9954
8.29404
6.71618
0.915708
8.17689
-7.09124
-12.4157
-13.0926
11.9239
-14.4109
-6.6891
6.07935
-4.96619
-1.31953
-0.109177
-15.1975
-3.38731
14.0613
12.5599
15.1772
-1.64684
-11.6358
24.3771
-5.09179
3.14961
6.8151
5.01449
7.56242
-7.08619
-4.17947
-3.60222
-8.71778
-15.6695
1.1888
-10.2483
13.2177
-16.1996
-1.95089
-14.586
-8.9246
-9.12375
1.72487
-11.322
-16.1005
-14.531
-3.13794
8.30653
-4.96803
5.66011
23.6326
6.19709
-0.191721
-0.58432
7.8516
-14.268
-7.33356
11.2265
6.88885
-0.577587
8.29286
-0.665056
-8.35651
-15.1946
6.13757
17.7526
2.40083
-19.8526
4.53389
-17.6242
-18.8948
0.459374
21.437
2.58247
-3.16272
0.89756
19.816
-4.74766
-3.56596
-9.95672
-15.931
-6.9288
-10.4463
0.744315
-11.4775
-4.78786
-2.7596
0.295102
-13.4496
-9.67305
-3.18397
8.73373
4.61738
8.84379
-9.873
-2.70383
8.00478
-0.159008
-1.70661
-10.5563
5.34732
-0.356591
-7.38976
-8.78192
-5.8368
-2.58788
-1.7156
-7.10956
-2.69086
-4.45654
-16.2196
-6.09626
5.77753
7.63645
-4.56428
5.95868
-0.236636
10.053
0.99849
2.3047
-17.7955
1.38627
16.9576
0.599633
3.40284
-2.25842
7.72984
4.37739
-0.713021
-0.754181
3.71301
1.6521
-4.78018
-2.77192
0.828669
-5.05298
0.133579
5.61507
-2.02993
8.13221
-4.28398
-2.53532
-1.75958
-3.65396
11.2752
-8.17404
-9.57744
-3.71623
6.12255
-5.18143
0.675228
5.191
-6.606
3.86969
13.1327
4.39264
17.5793
-11.4389
11.2275
0.15146
5.04777
6.69524
-2.34062
-13.6111
13.5518
3.9138
9.73411
-1.76633
-12.5764
-2.91527
10.9084
-5.9593
-3.59331
0.1929
-3.85719
-5.79951
-10.3471
-2.47277
-5.61975
10.1136
13.7317
6.69372
13.8263
-6.14051
10.3528
2.34542
15.5478
8.38459
13.5218
5.05846
-11.1754
-9.81935
9.03588
-2.42389
-4.33023
-9.82315
0.0314382
13.5858
3.15358
-9.87242
-16.1326
-17.691
-15.1946
7.65065
-15.7055
13.2933
-2.93994
11.883
-0.387271
4.15585
-3.04261
5.98442
-2.92798
7.26617
20.215
0.954996
2.64904
2.81899
-7.31953
-18.0715
13.2936
-0.696767
-14.982
-3.59961
11.1525
-0.32521
1.18856
15.2735
-1.70467
-13.7063
-0.461543
1.2005
0.762391
3.83176
7.62931
7.78904
16.0403
-3.30277
0.517022
-7.9921
9.2841
6.30482
0.0720846
-7.37987
8.17574
-1.62777
10.2616
13.6745
12.8649
1.80953
6.36396
-7.10742
-4.79952
9.66719
-8.17952
15.5744
-0.357358
11.4751
-3.96567
5.96774
15.3002
3.21339
-2.78479
4.84227
-4.20707
10.4996
-14.849
1.49004
17.8708
0.524555
2.92826
-2.9009
-4.8985
3.59094
-15.6483
-0.478857
3.97521
-5.50162
-13.1535
13.0245
-11.5539
3.26649
-16.0499
-7.28523
-0.848579
-1.6582
-7.24496
7.99334
-20.3264
-7.93643
14.8442
1.80426
4.14834
-21.5702
-1.93887
-0.996881
13.2083
-14.5776
-16.0683
-3.43918
-3.0545
-1.93781
-10.1964
21.8816
-11.5321
-9.35212
4.48352
-5.69761
-5.43448
6.87982
-3.07207
9.28195
0.60203
-0.675442
-11.2631
-3.5107
-1.41128
-7.59729
-1.41428
2.22121
6.59206
1.53799
-2.86986
4.76178
-2.88311
2.13587
9.48867
2.12098
-6.44637
-6.46837
0.253083
-19.6698
7.07439
15.1244
16.4967
14.7547
-16.6594
-19.8605
7.31347
2.98851
-10.6723
8.4508
10.2063
-0.651141
-5.4195
3.0158
-3.021
2.57399
-7.42799
4.82282
9.81579
-6.34628
5.10613
11.9382
5.78531
-3.58792
4.00311
-0.0228683
-3.3555
4.13861
21.2257
20.2929
1.49801
-4.83686
-1.66132
25.6645
5.23899
-5.28898
6.1596
7.87421
-9.57261
1.94998
1.31711
9.94365
15.4606
-9.33383
5.27067
6.54599
-10.1436
-5.73515
0.387377
-7.30869
-2.86812
-8.90668
7.30238
2.89411
10.3359
3.52028
-4.1554
-13.0927
8.508
-13.6459
9.46913
1.73671
12.8842
-0.252204
1.43946
-2.08408
5.78135
3.20824
2.97898
7.36505
19.9646
0.164991
3.96331
8.50881
-3.60104
-5.38554
-11.7283
-0.613016
-3.62763
-9.20088
-2.05761
-5.56343
-1.96923
4.11582
1.13007
2.80413
-11.0584
-1.89644
-0.743336
5.8588
2.38468
4.55549
9.23263
-11.8124
8.08568
15.9415
-2.48996
-4.90662
5.27469
-5.85702
15.8331
-2.70506
8.81198
-7.98289
0.575093
-11.2822
-13.1195
-20.238
1.2857
-6.3555
-2.09246
-8.26074
8.20647
-8.26511
-5.42074
-10.1794
3.05706
3.09407
-16.4275
6.92579
-16.9342
-39.4671
-0.752468
-8.84202
15.8336
3.72182
4.07714
-20.2993
10.2061
-9.79972
-12.8726
-4.21094
1.39115
-6.27956
2.09933
22.6992
2.18062
11.9587
14.7221
10.9236
-4.41021
-4.71275
-17.7794
-11.9585
13.802
-20.5138
-1.40461
6.76342
0.494554
0.290447
2.23567
-7.02072
1.18033
11.1423
-11.9751
2.15415
15.3009
2.37146
3.70063
-7.46369
0.892651
5.1301
-0.120883
14.8009
-3.47498
0.361798
-0.0544632
-3.40844
-1.74707
2.06325
4.27762
1.41913
-5.48872
2.54642
3.13706
1.23469
2.19638
8.32801
7.68347
8.58538
-1.88371
-2.12319
8.89437
16.5086
11.5649
-11.4307
-16.431
-1.19102
9.2445
-4.48781
-0.328834
-0.119206
-3.63107
17.4906
-9.3049
9.54787
12.9466
-8.8405
3.73529
-1.97264
11.2037
9.67778
6.80515
-0.689668
5.26493
-9.71313
-0.197161
8.71472
14.5972
2.28008
13.2681
7.86975
-10.2614
7.76749
-26.2604
-8.30573
-11.7562
-17.3915
-3.28319
17.6763
14.9716
-8.5552
8.38446
-1.24795
5.07592
4.99567
-3.65887
-1.87296
-3.07553
2.12396
-5.62783
15.256
-6.34426
3.16547
-3.87665
-8.92773
-10.3222
8.21556
-14.9931
-23.2252
11.1474
-10.2713
9.67487
-14.254
-32.2439
28.457
-4.30973
0.643066
18.2812
2.40559
-4.59532
-2.02509
-5.55273
-11.0655
-2.53084
-7.26784
16.7458
10.547
0.825002
5.68089
-3.86347
6.72625
3.33529
16.0572
13.1524
-4.90838
6.38186
-2.77607
14.2047
-1.74814
-1.47437
-10.5868
0.372398
13.1131
13.7944
-10.7468
14.7744
-0.0427486
-2.30417
12.4509
12.6147
3.84558
-7.2523
19.4855
-15.4058
-6.35765
9.3859
1.3223
10.9999
15.1999
-4.89794
-17.2206
-7.44865
9.68444
17.1877
11.7837
-0.141445
11.002
-15.2304
7.83576
8.07128
18.3087
16.826
-6.19056
-6.3759
7.38179
11.4996
12.0639
-5.21914
-3.17985
9.15386
1.54605
-18.7029
-15.2883
4.64525
0.429603
-6.90927
-4.74843
1.9213
-12.2423
11.8313
8.32945
-4.40825
-14.9369
-10.0628
-4.29337
-13.3005
-11.2717
-9.23463
-7.60432
15.7454
6.19057
9.44361
4.79285
11.1739
0.916672
2.87807
0.972244
-3.99528
-8.5893
2.8279
-10.1063
2.51627
16.7488
-12.5795
9.62492
-17.9659
4.34082
6.66494
9.05249
2.18913
-0.221941
-6.92663
-10.8133
5.19442
3.65879
-30.3209
-11.0364
-16.4101
9.31854
-20.1817
-18.6686
1.15
6.992
-0.363277
-13.4855
-2.09803
-13.3877
12.272
4.99922
-1.3726
5.6356
-9.37376
0.346255
17.4195
1.66966
0.820188
7.18437
-15.6466
6.53264
-13.7502
6.91714
5.66797
-13.4266
-6.99943
-9.97529
21.0731
15.4457
0.241164
4.60197
6.73028
6.88727
1.63274
-10.0377
9.36668
-18.4534
-9.67414
-11.3333
3.41599
-1.95456
-10.57
-6.9243
-9.81897
11.1191
-16.8765
0.894878
-0.700694
7.78276
1.41832
19.6554
4.84799
12.0246
23.1635
0.289605
-3.94457
11.0597
-10.7243
3.18379
-2.33698
6.599
1.2145
11.4123
3.74404
-20.0444
3.72062
17.1278
-3.27474
-9.49663
2.72441
-3.73744
-1.40608
-12.793
-4.98563
12.7227
-5.08559
-4.58842
1.72409
-4.90187
2.55067
14.8727
-4.3927
-7.65251
12.8001
-7.73761
11.8768
5.02531
21.4961
6.80909
-7.57235
-2.96912
1.66704
3.27971
-8.43605
-15.6994
-12.7619
-0.0704825
1.84801
-4.08912
15.2372
2.51309
4.21587
-12.5871
5.28493
20.534
-2.48845
-6.95334
4.2678
-8.19404
-12.64
-1.77837
28.6789
-0.938665
-11.2444
-3.41755
-12.7286
2.4939
-6.57182
-1.1952
-5.47767
-12.86
4.45354
-8.57142
1.76769
16.3747
15.9316
20.5546
-8.26505
-1.82614
6.69552
-5.03045
-10.7855
12.5745
9.30126
-4.67257
14.1504
5.72946
3.7736
-4.24772
19.9444
11.4433
-6.51974
3.32621
-1.73044
8.78536
-0.131472
-7.95947
7.04893
9.85978
6.63889
11.7375
-6.2642
6.25913
9.49151
-4.80848
-6.07041
2.57038
-3.99615
13.1056
3.53392
7.43532
0.023726
22.8726
10.2796
-12.3335
2.83497
5.8272
5.63396
-20.8269
-4.86049
-0.154316
-7.11316
-6.75929
0.758268
-3.36147
3.12647
2.80529
5.28235
0.808327
-5.30579
6.00782
-8.96921
-7.59319
11.2487
-1.93114
-6.93335
13.2232
-7.72883
8.64318
1.95744
-9.78231
5.16502
-2.25748
7.23614
20.4097
-0.827861
2.48843
4.26557
-13.8029
3.81758
-3.93966
5.1744
-11.9687
26.7321
8.37283
-11.3096
7.36759
-17.5645
10.5436
-5.3428
-1.11901
-1.92886
-16.4034
-9.17663
-8.77998
-5.31633
-5.97987
3.83244
0.828613
-16.6439
0.421629
-10.9471
-6.48025
-4.53161
-4.01954
9.07573
5.27003
-4.33835
3.43902
1.94486
12.3421
-2.35563
5.02615
-3.70293
14.4336
7.97058
2.03282
-0.242621
7.33395
3.84278
-0.642958
-8.78096
3.64135
-7.70765
8.07493
9.41599
-5.03142
-11.713
4.43976
3.96158
1.58014
2.57723
24.4182
-0.516289
-9.34826
-3.51341
-7.28145
-5.85576
1.99647
-5.55089
6.08807
16.812
21.4217
1.9525
-0.392113
7.28668
20.6999
1.48914
7.63118
9.45849
9.14292
1.22478
4.59408
-13.3438
-4.25697
-20.1874
-8.80993
-10.9321
10.901
2.29252
-14.3936
-9.10375
24.8114
18.2265
-1.31373
-5.47
-0.935257
7.84028
4.02369
5.88216
1.75081
-5.35739
-4.52631
-2.0245
-7.91197
7.59149
12.2174
-3.53163
-2.91541
10.119
18.8087
-23.4931
5.72426
-12.3898
-14.2023
-9.47923
0.0754247
-3.3113
-7.7495
7.95051
0.127388
-4.73633
11.9454
-16.5552
11.6858
-0.635639
-0.875379
3.37414
-2.35116
17.0475
-16.1528
-4.99497
-9.795
-7.31647
-9.79645
2.58395
-7.5562
11.8666
23.8616
11.1477
0.283687
-6.82835
12.7528
16.8835
8.17241
6.06687
13.7226
-11.7674
1.8583
11.264
-17.0541
-19.9425
-15.5145
-2.52224
22.2453
5.80433
-15.8262
-12.484
27.3096
-5.02119
5.48042
2.24972
8.82536
-4.33478
13.7766
4.45129
4.49038
-4.78457
-14.7565
-0.19117
14.5528
13.8612
8.56735
-0.33247
-11.5638
-17.8415
12.9664
-5.91846
13.5521
-10.7979
-12.125
12.0012
4.35834
-10.2153
2.65936
12.4004
0.765448
11.0954
7.38176
-0.0339788
-13.4384
-12.0084
3.13204
-9.0779
8.08888
-15.0214
12.7707
21.3168
-2.69556
3.91393
0.114344
-1.57791
-9.56493
-18.5677
-3.82052
21.8115
1.69153
1.73035
-1.0223
19.2214
-1.79361
4.66478
9.95462
17.9079
2.59333
-8.22058
5.89391
-13.3098
-23.3881
-16.5708
-2.16027
11.6748
8.31157
-1.22243
7.45946
9.90362
2.49815
3.27991
8.6742
16.9948
-6.10665
2.72375
9.66935
1.59194
7.23532
4.59462
0.150528
-9.56172
15.6349
4.10643
-17.942
-1.14058
-5.39893
3.64349
-33.3062
-2.40374
-14.789
-3.07217
0.100212
13.6073
1.74065
-2.19922
-1.90169
-5.18847
-1.5054
-4.73731
0.482723
-2.60378
-4.21206
-3.97895
0.673859
-8.59792
16.5535
-1.51171
-1.59331
-15.6943
-3.67393
-1.51778
-1.92255
-3.74989
-7.3807
0.981969
9.08838
-9.03989
4.04494
4.4
-3.81191
-6.36024
18.2053
-2.14476
0.238246
-4.91307
-4.62
-1.60253
-18.1312
23.7154
15.5904
-5.2246
10.2685
0.217996
8.70539
3.62557
-9.5909
14.2178
12.8343
-3.58125
-9.98026
-8.5834
-4.19717
0.87384
5.70927
4.40842
5.883
-7.67003
-2.12597
-1.56464
8.32571
7.91744
12.3135
-9.34527
2.99767
8.13471
-2.37877
5.33637
-2.23496
-2.44804
-8.03405
0.479429
13.4935
-6.18676
14.8896
27.2366
-4.42295
3.35045
7.80173
3.23345
6.03218
-11.9168
-0.806881
2.89908
-5.0281
-4.35986
3.3481
11.4104
-0.38119
-4.40143
-2.1801
-2.05362
-0.0124453
0.96105
16.4547
1.272
-3.47599
-0.352731
4.82142
-16.7656
-3.47662
-8.17248
-1.87902
-16.1493
-5.45389
8.35307
7.04427
-12.7161
-4.53089
-8.1406
1.67354
-6.11913
-11.3891
11.4903
4.5225
8.05245
13.8315
9.59088
23.3505
9.24847
-13.6635
1.70048
-2.28232
-4.12409
11.8048
-16.5142
-3.98092
2.47972
1.42586
-11.9828
-2.6951
-9.40012
-6.24287
-9.6328
-6.84288
12.2988
7.78282
-3.08562
6.77962
-5.48261
13.0935
5.15377
4.11147
3.66512
11.5511
8.21864
9.15436
-0.747465
-14.4736
-2.34937
-7.5172
20.5883
3.39863
-9.41752
-0.0693439
5.67114
-0.490146
12.4957
-6.37966
-19.3681
-7.39453
10.2941
-12.8444
10.0431
-5.98864
-9.36417
-9.73846
3.71924
-5.23855
-16.5158
13.9725
-1.9442
9.78565
-7.2825
14.1393
4.66723
0.828801
0.82727
-1.69432
9.80512
20.1973
2.93398
-3.34255
23.7714
-10.8139
3.18392
12.5513
-3.63564
-3.70174
-2.59544
11.1271
-1.7467
5.34468
4.08315
-6.79648
8.04951
3.22244
-1.58007
18.2124
19.7703
-3.13132
-7.1768
-6.72371
3.37939
1.96613
-4.36682
-4.08766
5.23167
6.2025
9.54568
4.52836
-3.92283
-2.1807
14.2126
-10.3543
-7.34582
-19.3535
4.10786
2.84782
-4.99454
4.08533
3.39128
-4.29027
5.52803
6.10483
-2.00487
-14.3377
-1.01016
-4.72252
-3.30944
1.34271
4.72721
-10.9811
-7.49524
1.96009
-0.176237
-9.79583
5.21017
-11.9635
1.45124
-13.2694
-7.08486
-11.9596
-0.0678505
11.0693
-2.52867
-0.196026
-22.1691
5.97591
16.0165
12.8648
-11.3106
-6.66218
6.63627
-3.21761
-7.18563
-0.367554
-10.9997
21.9108
-1.64389
-12.93
1.3702
-18.578
13.3903
-3.85066
9.14053
6.58303
0.113825
35.566
2.18628
-12.1447
8.33889
3.45774
-15.0657
-16.5246
9.23981
-1.66645
-10.8223
-5.17365
7.82058
-7.78267
-16.2038
15.2182
-19.4801
26.62
2.72456
7.04644
4.54449
13.8528
17.7273
-26.1663
-5.11094
-9.21972
7.98637
-8.91336
0.213566
-5.99438
0.935022
-7.16004
0.739237
2.38548
30.2643
10.8631
21.1536
12.5245
-4.93795
-13.8991
1.17465
5.56389
-4.10718
-9.61526
3.55647
-9.87721
10.049
10.1089
-2.3659
-2.21344
-17.2214
-24.7732
0.318853
-11.0845
-1.23565
-7.75243
-0.883983
-2.23204
-15.7727
2.43074
0.152006
-10.2494
2.9501
4.07108
-0.648451
-6.47458
-2.02992
-0.936128
-0.675272
-12.9958
1.2577
6.21372
-6.23274
6.77252
-0.516705
-0.930867
-18.1688
19.3353
10.0238
-8.98918
22.5814
18.45
20.1075
8.49887
-9.3163
9.95228
8.55847
-17.9153
13.7148
4.48287
4.40072
3.33836
-14.5748
6.66759
-6.01763
5.84414
9.67726
-0.413674
8.25117
-9.90594
2.20817
16.4088
-1.19537
-3.25725
-0.661388
-13.7859
-2.12795
10.2953
-5.25141
2.56739
12.1943
30.9676
1.24646
4.4587
19.0934
1.12036
-16.2415
-1.38325
-11.5673
14.5431
-6.06608
-0.557481
13.5232
-4.3866
2.57764
1.65687
-13.9008
3.79107
-9.88071
-0.28636
-22.5895
-5.60284
7.91514
10.2798
-26.0912
-2.27636
7.7114
-12.2685
4.42527
-10.1735
17.5037
17.1118
-16.5004
-13.0014
7.80276
7.44749
3.38402
-10.7225
9.76242
-1.18329
4.46728
10.4475
-15.9595
4.08655
2.76944
-10.4435
5.66408
-0.534039
3.9524
5.88615
-1.17026
8.38147
-1.63654
-2.04902
-1.05407
-1.67908
-8.88355
-11.6468
14.6051
2.9787
4.01118
10.4049
3.13553
8.29709
-8.46273
-0.384177
-7.42084
3.59091
-16.6834
-6.1119
4.13674
18.0479
-2.50641
17.7034
-5.98879
-2.79206
2.20457
-1.73016
11.3406
-5.18445
-2.01471
-7.46978
-1.60284
-1.71242
-24.2119
15.3053
-5.38494
5.65439
0.825313
-24.9283
11.4198
2.4041
16.6038
-13.2017
8.6597
-4.7496
-4.15721
4.03529
6.6128
2.53381
-3.19622
-4.69016
8.97432
22.6989
-3.72004
-13.5726
-3.25711
-17.9192
5.49069
8.62745
-6.17909
6.14771
2.26339
6.43076
-6.08941
16.5525
-2.52454
-6.91419
9.43353
10.3767
0.681357
5.81978
4.23513
16.369
4.39367
-16.2692
20.0907
-10.7764
-6.81105
-3.3254
13.0963
6.94801
17.7402
-19.7223
-0.81481
4.0223
-10.1254
-14.9287
3.96815
12.4789
7.49956
-13.0495
-20.0201
3.91032
3.37698
-12.0654
12.0846
-8.10281
3.97024
8.69702
-4.53883
3.536
-0.793266
5.37447
-0.781483
18.6833
-0.62584
10.7317
14.8682
-4.77257
-8.117
8.20091
-3.4519
-14.785
1.11597
7.57334
-2.44102
1.16394
-2.39041
15.6833
0.84074
17.6103
8.03619
-8.706
-10.5848
0.839512
7.305
7.29791
7.34264
-7.67498
-8.6768
-4.13416
25.3023
7.968
-9.30798
4.94567
2.49341
-18.8841
8.13612
12.9067
-3.09958
-2.09369
7.37261
-9.5282
-3.7815
-1.48386
-2.05354
2.92473
3.5473
-1.00769
0.592177
11.9658
-1.23968
-12.1182
23.7634
4.14316
27.692
-19.2854
13.8314
15.4138
8.87601
-1.14623
-4.42925
-4.00844
14.6747
9.87469
4.52592
-28.7568
8.96946
2.68962
-7.95152
3.99431
-0.544147
-1.85565
-21.4709
-14.0058
-2.67538
6.26175
7.98662
-16.9189
5.5408
21.5037
-5.96814
-15.7733
-6.21094
-3.20825
1.98481
13.9089
-2.9582
2.99111
30.7153
-4.42088
7.85227
15.6331
3.41154
9.37048
16.9978
-1.64469
-6.14222
0.82319
-0.638458
-3.61457
-3.32494
-13.9894
15.0413
3.84712
-3.89661
-3.039
-5.6177
-15.4901
3.14884
-2.44212
3.06742
2.85513
6.48812
-4.05664
-3.75432
27.3783
-7.96094
-5.60706
-12.9684
8.326
2.38318
-1.22462
12.275
10.8001
-3.92889
9.95386
-6.98526
-8.18243
10.6912
9.68907
-0.128706
13.4389
-3.38423
-0.436827
-1.98081
-29.6635
-8.78039
5.62999
15.969
-4.14089
-5.01596
-7.36416
1.7703
12.3542
-20.9188
-8.74049
4.61823
1.04229
-4.96358
-4.47225
-14.0085
2.14862
1.84213
3.20934
9.49756
7.54747
3.05627
-22.2913
-3.36377
-4.80642
14.1994
-12.7159
-12.3096
-0.802141
-9.23989
-17.6124
-0.806898
11.2738
-2.0008
4.88181
-4.92802
1.02328
0.418457
-12.3433
7.10696
24.6651
9.59189
8.45275
11.9885
-14.7965
14.982
5.73553
7.81257
-12.8634
-5.61654
-18.399
-1.86342
-1.47573
-3.92733
-11.7064
-0.283141
-5.48423
3.17523
-6.33433
-16.157
-15.3871
-0.455126
-11.4729
18.7413
-8.17626
9.8718
-11.666
1.37115
1.16295
4.41288
3.03694
-2.52248
16.8977
-2.84529
-13.3504
-16.1738
0.000955978
15.4661
-5.19245
-5.71374
-8.3407
-7.78892
2.92262
-2.47251
-18.7484
1.71536
2.50219
5.20092
-16.2697
5.97034
10.825
3.01167
17.2207
-25.7243
10.3609
4.91624
6.41696
11.5157
-10.053
-14.6542
1.67304
4.30309
30.0529
14.4613
-3.07424
-17.5663
-9.73901
19.7548
-13.5404
5.03183
-7.21217
3.14264
8.99634
-5.44934
-2.8728
10.209
-12.2785
11.5918
11.9973
15.6557
20.0743
-13.0985
-16.0546
-10.0501
3.96367
1.62016
-14.7923
4.22625
30.411
8.68894
-0.497907
4.95992
25.9582
-1.26409
-10.5778
1.62122
22.0321
16.384
-5.0727
11.4282
13.4734
-2.001
-26.5389
13.8303
-12.3601
-8.39174
-10.5389
-2.97719
-5.20047
17.5826
-9.8229
-12.9441
-3.38829
11.9111
-0.118812
15.9539
24.7515
-18.7825
2.51438
11.9158
-8.60525
-15.7589
-17.0583
6.36604
-1.85458
-1.58421
4.76926
8.79814
11.9095
-1.41517
-0.295311
1.1358
-8.0385
-5.12886
2.23348
-10.5793
-7.66805
7.18277
-3.90916
-11.3808
8.84756
6.31774
1.47566
-11.4526
-8.06671
21.6058
-7.402
6.38068
13.2888
-2.79625
-8.58494
11.5126
-8.68167
1.05377
-12.1548
9.38372
-10.0759
-4.8864
12.0261
-2.92895
-11.1349
10.9215
5.72912
-22.846
-2.0056
16.8529
-6.87174
-20.6591
-2.88887
-3.44775
-16.0024
-10.6081
-1.03819
-6.56569
14.5305
-9.32933
-11.686
17.5715
-10.9411
-2.66659
-3.0645
-17.1681
7.01966
-3.83354
10.2552
10.357
15.8173
-4.2624
-2.25959
-11.8184
-8.52062
5.61709
4.06781
11.8162
23.6903
-9.56653
9.63904
4.23659
5.09209
-4.55122
10.7783
-29.241
-12.0873
-3.13135
2.14587
-12.5501
9.10047
-2.3573
10.5836
-4.04124
-10.0844
-4.12967
11.7366
-26.6562
8.59764
-1.94932
-11.9321
-14.0031
13.4998
-12.3838
11.5455
19.9573
4.03104
15.1672
-6.55667
-9.131
8.13637
9.26249
-21.7748
-16.7405
-11.3894
-1.55742
9.79952
-3.26724
-2.3262
18.5001
-3.39454
-1.45223
8.0341
-6.78342
2.57337
-7.05907
-8.16037
1.71512
-8.77277
1.47902
-13.4189
-2.82049
11.9831
11.8406
8.36053
-9.4691
6.34237
2.84961
0.452022
7.09176
-7.22217
8.19409
-5.77497
1.30489
-0.440183
-29.8379
-7.24239
-7.51185
14.3867
-3.16619
15.2594
-16.8155
-0.133567
10.1935
-0.251941
-4.46533
-17.8039
0.512941
-18.7329
-2.6955
-2.53296
-5.14475
13.3531
4.02899
-3.10734
-18.0266
14.2949
2.38314
-0.568956
-7.21527
3.34196
-1.79572
-9.43069
2.36856
-4.01273
3.74207
-6.93035
-14.0561
12.6282
2.04969
-3.54053
15.6289
12.9579
-6.57017
-3.72261
23.4469
11.5008
18.3989
-0.482042
6.41622
-1.40824
14.1692
-1.51128
1.6776
-16.8958
4.34601
-9.6642
1.52807
-0.00346551
0.847483
-8.1732
-9.06156
3.04811
4.23103
6.50055
-4.28325
5.85253
2.21847
14.2702
6.69463
-10.4568
-13.5308
8.34591
5.99016
1.56443
17.7582
-4.2047
-11.3866
-2.9436
15.5091
-1.88119
-8.13567
-1.4616
-16.2245
-3.03921
-11.7506
6.09073
0.534071
20.4021
-5.6444
7.34964
-5.46524
-16.6678
-9.8949
8.28361
4.03035
7.629
4.6877
-3.4623
-7.99396
-1.62934
0.153428
2.744
12.1649
-1.19211
19.0848
0.614124
-7.36398
-8.31012
19.6227
-11.602
9.30862
0.464952
2.3813
7.02995
10.2925
-0.988702
7.91152
-5.98051
-2.95252
-0.872184
8.14689
4.5008
-0.385283
25.0606
-0.629399
-3.57483
-1.74747
-9.22432
8.01096
4.55587
16.333
-7.32775
4.12307
17.0988
5.59381
-8.41302
-14.0649
2.80115
0.338306
-13.8788
8.40151
-7.01521
-9.58254
19.2324
-2.93027
-5.36608
-10.3429
5.12553
-12.4794
0.818202
-0.0288574
3.02235
9.50361
-7.91692
-4.82828
10.6088
-11.5959
-9.09826
7.37185
-3.55654
-22.5939
26.5252
-1.77849
-3.26879
12.6514
-2.39276
1.81314
-17.1838
11.0385
-5.95107
3.05553
-24.0954
-9.14952
4.16782
-15.3031
2.84513
1.4601
-16.2443
-10.661
-6.43891
0.00200277
-15.9909
-2.72285
5.85776
2.99411
-0.0343259
6.90888
-5.88588
1.86298
2.09789
-4.98293
-3.63926
1.27166
-9.0313
-9.29972
15.5662
-5.05437
-6.34061
0.162717
-4.59776
12.2258
-0.721317
-27.3882
8.88165
-15.7967
1.54901
-14.1744
-6.86967
-14.2969
8.89271
0.451937
14.6232
12.7457
-11.506
-20.174
8.79105
2.04814
-18.1041
2.2254
4.8795
-5.21682
3.52555
-1.25293
4.94475
7.26473
-19.0994
-8.08343
11.0854
11.3093
-18.7106
-14.3971
-4.7634
-11.4594
12.0746
-0.743395
2.56117
12.402
4.77163
-0.816565
9.37523
1.20431
-7.84213
-6.82009
4.94612
-14.4292
-3.81763
-9.55
4.42266
11.0806
0.741192
-8.29439
-9.99311
10.8233
-7.03849
8.38687
-2.47179
-14.9457
-0.0418434
-20.7763
-29.6806
1.6416
-5.47521
3.79359
-4.00251
-1.9798
18.3416
12.4737
6.06585
-8.40885
7.17453
0.851461
14.5128
1.2798
1.31988
10.5419
-7.24247
-10.19
7.26356
10.2522
-9.06269
6.29734
14.2457
-15.6728
-0.784219
8.8375
5.92743
8.22299
14.5964
-4.61237
20.9561
-8.09172
-11.7034
4.60524
1.76026
-8.64186
-6.835
-13.6175
7.95368
-0.283481
-13.8975
2.7883
0.823565
17.8728
8.03711
9.965
-0.274451
-13.735
8.7159
-0.53963
-5.23428
-0.0680032
11.7314
-0.819899
-9.20133
-8.28674
-6.10887
16.155
8.2505
7.50088
5.19115
-16.9151
-5.12115
-1.76957
18.245
-7.18146
0.573907
-15.1645
3.91004
10.7538
-4.76341
12.8384
-7.16114
-8.19729
9.7043
3.45351
-8.85297
-3.95566
6.1896
4.74141
-15.2248
-6.38882
1.35586
9.40871
-4.9356
4.14093
5.8931
-10.466
15.3044
-8.71316
1.2125
2.87884
-19.7725
6.04251
-6.5627
-5.08824
-18.2775
5.29486
4.1495
1.76666
-2.14559
12.7011
10.6216
-2.62157
5.51954
7.38293
0.383726
10.4731
9.85458
16.3175
-8.28467
16.8622
2.44269
3.24052
16.7202
-14.7415
6.06671
15.2996
-10.8373
2.95159
16.4724
0.00343277
16.831
12.2362
-10.3128
4.44335
-5.87791
18.2044
6.1771
-1.14498
-12.2417
5.69467
5.11807
-0.231171
14.8916
1.31836
-5.1689
-5.86876
-0.535919
0.854896
-0.727489
3.90648
8.81631
-6.61724
11.7012
12.8307
3.81842
3.48251
16.6387
-7.14642
-3.65419
3.03736
22.1898
-13.2039
-25.9082
4.20717
0.209687
-8.14792
-8.60357
-10.3719
-14.4807
-4.534
0.195754
8.8971
4.14179
-4.66849
-16.0144
5.44099
13.0515
-3.3039
-11.1234
-13.1713
-5.25519
12.4088
15.0912
-7.08549
-9.9234
-1.11096
-1.17019
-6.96083
-5.84782
-1.11243
-16.444
-13.9727
-3.98886
0.860726
13.4116
-0.272355
1.02581
-8.76669
-24.153
-7.1372
-6.17659
-29.297
-4.35169
4.79687
8.75303
2.74874
1.43633
9.66053
1.18339
-2.10472
1.16717
1.11917
-7.51312
-8.88663
-2.49216
-12.6857
-15.7813
0.0213934
-6.34267
3.36465
1.38558
13.4588
-10.3076
-5.14435
-15.5392
12.3206
10.1844
-10.1356
-6.53132
-6.60009
2.01942
-1.49978
12.3965
24.0863
-0.507733
5.12145
-8.15926
13.5693
2.43081
-0.532154
-7.5157
-12.3505
3.85401
7.86087
6.08183
-3.12224
12.799
-9.18122
3.69964
1.54155
-20.6778
10.4073
5.22409
9.84476
-9.29928
1.57488
2.44534
-27.6317
2.55476
2.36985
7.95614
-6.07736
15.7176
2.71214
-12.5499
12.4277
-13.2881
-6.00961
5.14713
-11.1637
3.2884
-12.4761
-10.9805
9.95895
-3.09383
-6.1457
-3.09042
8.37087
7.34144
-4.87723
27.1511
-1.60411
-4.82816
20.9325
10.9747
-1.20082
13.2055
-0.79483
22.7696
12.0123
10.9648
4.7675
-6.12946
2.55111
-5.02636
8.13296
4.19276
20.5718
20.6902
-10.8036
-12.6008
1.00906
2.29651
4.04987
-14.6788
3.85305
-23.1535
9.10439
-6.6778
18.2124
-8.24903
-17.8376
-1.45961
6.12383
-14.705
5.64346
-0.711609
-9.70236
5.31816
19.1846
10.1785
-14.0318
-0.251767
-10.1823
4.14569
-0.60005
-20.686
-4.26
-13.8153
-6.11598
-15.8235
-3.77374
5.94199
19.4769
2.53556
-12.119
15.9881
-1.40533
-0.868021
0.210519
-8.88576
18.8865
-30.6737
5.34565
2.38441
-3.91826
14.417
12.7475
11.4469
4.73438
-16.9915
6.76017
4.08378
3.07762
12.7577
-9.90353
11.3951
-21.5243
9.38686
0.951783
-14.8007
1.41984
21.1467
8.85654
-10.1153
7.13105
10.3125
-2.11864
12.3543
22.9813
12.6638
-15.5159
-0.118694
-4.6001
11.0754
-3.28274
-5.67849
-9.00375
-6.47392
6.06709
12.3107
4.51906
2.10953
-7.69202
8.86896
-0.401909
2.20128
-5.5771
6.0207
7.53377
-22.1649
-12.0296
29.0215
4.56718
-0.630795
-4.577
4.79611
-12.6514
-2.5169
-1.72347
7.57568
1.5998
13.9469
-8.74125
7.39466
-0.27408
-3.411
-0.807374
2.73185
6.05413
16.1949
5.14498
7.52112
-9.66976
-13.6845
9.92328
0.685543
-8.51582
-13.9162
2.66949
-16.3914
-17.8339
-16.2033
7.09595
1.47968
15.1734
0.989443
-2.20166
14.0519
-5.72833
5.73887
-7.96547
21.0689
6.92742
-4.08277
-4.15535
-2.83341
12.7128
-0.27546
-19.0275
17.0971
9.95104
-4.89679
9.39354
-16.9234
24.5134
21.2181
-13.4636
-0.617773
20.2176
-15.9042
6.63103
-7.83253
-16.7718
-11.8539
-7.66528
25.5826
-21.0585
-10.6183
-2.6098
12.6113
-16.13
20.522
-4.66102
0.382258
12.8828
-9.77113
5.44716
-4.00005
4.37856
15.8199
-13.5483
15.5427
-4.22526
-0.644822
3.70654
10.6325
1.22945
-0.926241
-5.4538
6.2874
-2.71842
5.4487
7.76465
6.94819
8.77512
-5.87829
2.8154
-2.71023
7.76215
3.15576
-3.16776
-5.88466
-8.40224
-1.42459
-9.68154
-8.37795
4.39288
4.18864
-13.9565
-6.71082
3.30671
-3.84848
5.89575
-13.5746
-18.1409
1.14675
-3.33664
0.570026
16.0373
-5.79199
-0.18192
0.341326
-0.0316956
-4.10415
-0.291529
8.75202
-2.32888
13.278
4.35145
-4.74744
13.2643
8.43653
0.894956
-4.67417
-5.51264
-10.4895
-6.11944
-14.9964
9.04948
11.7942
1.67541
-8.93975
-12.9505
27.9051
-5.93657
-12.051
3.92582
2.79895
2.88399
-7.98129
4.32028
-9.40729
-11.2338
5.10705
-11.0106
-9.96917
-5.26853
-0.531912
18.8623
10.8026
-11.6433
7.56228
12.196
12.9468
4.20716
1.99515
4.93777
12.1696
6.90038
2.63573
-4.46959
-1.76364
-9.82123
6.43611
7.1668
12.6628
8.07337
-2.06791
12.8941
0.604134
-11.3611
-4.33118
11.0891
-7.10321
-5.49789
7.77563
20.4287
2.55417
13.1007
0.373817
-17.5122
1.12045
8.38326
-20.1922
-3.33475
-3.28417
-9.33217
1.44255
16.3819
5.39474
3.99386
-4.61547
1.86804
13.4641
-13.0114
2.96763
12.1609
-3.00001
10.6605
-0.739101
-16.3294
-16.807
-4.19794
-22.1868
3.78445
5.25357
4.19278
-21.7369
-6.24455
-6.53365
-6.89258
6.69105
-15.2857
-13.4305
15.2613
10.5927
3.21215
-13.1761
-11.1016
12.9732
0.0445837
3.83652
6.33406
6.4726
-7.41037
-2.14185
-11.1638
-3.06507
-16.4773
20.8357
-6.42219
-19.9132
1.5655
9.47955
21.4964
0.406057
-3.17617
9.1777
8.35558
0.894927
10.4786
1.18511
8.71611
16.3846
-8.31646
-5.3887
-13.2635
-2.56057
24.4063
9.64954
-10.0957
-2.16192
13.7316
13.6101
-9.3337
7.67812
-0.266568
-5.82994
10.298
15.2184
10.1036
3.5218
0.335795
-9.74192
19.77
2.81983
5.3586
5.89109
9.56951
-9.94653
-19.9103
-0.791922
-3.19566
19.8609
11.8296
-4.68014
-4.35902
-4.44708
4.22681
-4.90924
16.3678
6.62001
8.67642
-13.9643
12.0475
-3.2368
1.8726
15.6337
1.77135
6.95656
-5.45685
16.9946
-11.6222
6.76194
1.63261
-10.8583
10.761
14.3738
15.5576
6.59376
4.90035
8.76464
-12.0057
-0.780918
3.27041
-5.46371
26.1879
-3.75306
-15.5831
-18.0244
-0.69272
-9.22697
23.5807
15.2219
-9.74255
24.8903
6.70902
3.6526
-0.105834
-8.11694
-4.09543
0.312189
5.09448
-1.42595
4.74384
-6.27928
7.39016
-4.89057
3.75293
-5.16377
-19.3359
-3.79326
-4.84631
-16.079
18.3081
5.49855
4.38798
-9.58068
-4.87201
-4.59859
5.43265
-6.77173
14.389
-4.76252
9.96324
6.00809
-20.2101
5.87157
13.2409
-6.06125
9.0751
2.41067
3.61244
6.68638
-6.6831
6.91202
-11.9972
20.7344
2.87772
-13.2961
-1.72579
23.547
-3.59695
5.83822
-10.5053
22.3768
7.01962
4.84865
-2.75318
5.55507
-11.3266
17.6377
16.0301
6.78733
6.84516
5.93419
7.36862
-10.5561
2.94231
20.4809
-11.8137
10.4386
-5.91214
4.32
-11.1159
-0.217529
-5.85604
-19.011
10.1807
-10.837
9.51432
6.41079
-15.1986
2.13876
-5.41538
18.425
4.03633
-11.9711
-0.655515
0.36153
7.59255
-14.8714
4.24691
15.663
9.76783
-0.240426
-0.793544
-1.71367
8.6316
1.91757
-12.097
1.50696
23.6498
-9.13635
4.20727
5.6163
10.3371
20.5812
-5.31935
-7.54786
3.75188
2.97744
-2.34153
2.51074
2.653
-5.30843
1.70504
20.047
-4.44922
0.767222
1.44782
-12.5877
-4.70666
-11.3382
-7.31103
7.42698
0.237421
3.91851
-6.06206
0.581152
-18.2129
-4.17954
6.77844
5.49574
-17.4958
-8.67423
10.534
-1.16121
-2.14649
10.3818
16.118
6.7637
8.03206
10.5124
1.89046
16.9275
7.0059
-7.90736
-18.7484
0.478402
-22.8501
-2.23235
-3.57923
11.9736
8.98012
-13.2603
-4.78349
1.22481
10.6813
8.00518
9.27671
-0.186805
-14.9726
-26.0558
-7.12094
-10.5701
5.15452
-9.76948
0.480362
-0.202577
9.78072
-2.06555
7.3944
4.4841
2.96508
8.94926
-3.95069
4.65622
-2.26141
17.204
8.13492
-10.4931
5.60104
-9.54653
0.113228
11.3913
7.77032
-15.1104
0.904743
10.7122
16.8124
-9.22617
-0.257565
2.54807
-8.19322
-9.56428
9.39177
4.59171
-3.96093
11.1733
-1.0369
13.7116
5.20996
5.91203
5.24115
-15.042
-15.449
9.65041
7.86742
-0.453176
-12.3461
5.24602
-4.84832
-2.29367
3.72166
-9.46301
-1.71668
-9.89632
1.65318
-0.318735
-9.88267
19.1475
27.0448
-4.13823
-20.6418
0.444072
1.45268
-7.69744
3.91122
15.8674
-7.07874
4.57144
-12.8322
10.4506
9.87119
-13.2967
-5.64341
7.29893
-0.864355
-18.1509
19.5844
-5.39768
-3.54337
-11.4134
-11.3401
-8.61103
9.96652
5.62602
-24.4593
-1.45145
13.7933
10.1097
2.63462
-8.85762
-14.6339
3.45889
3.89088
5.14629
17.6352
0.117357
-13.3037
8.30307
-9.0699
0.157866
-1.61865
7.18635
-11.599
-0.276945
-13.1515
-10.4471
-13.5182
10.9463
-5.41909
-6.05745
0.291667
-11.2194
-8.31423
-2.23447
-2.17281
6.02263
-4.65867
-0.851682
7.89396
14.4348
10.2348
7.30055
-10.9192
0.868135
3.59366
27.6229
8.69074
9.90002
5.34439
-6.69684
-6.2388
9.76792
3.9218
11.3044
-9.3403
2.76152
-4.24311
-4.25895
6.36825
14.0934
-1.34178
9.59146
4.75547
3.11328
-0.846187
-3.29429
1.15586
1.00784
-4.1742
7.19099
2.41908
-0.797384
9.0296
-3.44236
-1.71982
5.68115
1.76291
2.9432
-10.374
10.2445
13.6352
-13.8092
-20.2705
13.9392
1.62252
16.0745
5.07047
11.4284
-6.05758
3.56859
1.57409
8.61283
-14.3946
4.09965
5.84325
-1.17929
-4.51416
14.7304
-8.51895
-0.808761
-2.74707
-4.54999
2.87622
2.19256
-14.6198
8.93005
0.926412
13.252
-5.77214
11.6531
-16.8755
4.55498
6.97488
-16.9657
-8.9646
-16.2315
-4.93129
4.16561
-4.99263
-4.7205
2.37712
-3.98949
10.0323
7.77456
-10.8772
2.78673
8.91688
6.56545
5.94875
2.82655
0.373231
5.41062
4.14997
-15.5696
-1.47128
-18.6104
3.92563
-10.9723
-28.3531
2.22393
-5.38335
13.2205
-11.6478
-2.60996
1.45579
-6.68914
-12.7386
5.96268
28.6735
13.3785
4.67727
16.5131
2.06505
19.5537
13.8516
-1.62191
-4.92816
-9.88716
19.6581
12.9149
-12.6596
-11.5061
0.504988
13.3766
4.43172
6.92453
2.23398
2.98487
0.678066
-3.08273
-7.51987
8.66504
1.7967
3.81713
-5.83819
0.382495
10.7674
-6.50219
13.2249
-6.09427
9.34436
-12.1887
12.7205
-8.83217
-22.9358
-6.62795
0.0537786
17.1282
5.92626
11.7703
-5.05621
-2.4393
-25.5381
11.0559
-17.1898
0.600313
3.82332
6.06066
5.17153
-4.29211
25.8325
1.5622
0.140787
26.4213
-1.7766
-13.1426
-3.11382
1.30883
7.52666
-1.61101
-3.71252
-0.78135
3.029
1.58697
1.67533
-17.1467
-2.61432
-21.8647
-20.497
-4.21186
-3.57607
-16.7708
-7.06218
3.37647
-3.38185
5.54826
-9.0596
-3.43926
8.21041
-3.20195
7.23658
-10.0714
-12.0797
6.99606
2.27618
-4.20082
0.141589
0.817134
8.94542
-8.24141
-1.90919
0.319201
-0.694029
-1.96882
18.6504
-10.2796
5.62203
-9.96345
-10.392
-10.2101
16.2463
4.41705
7.32714
0.548845
8.16784
-10.6951
11.2075
3.22798
-11.3845
12.8307
20.5636
18.853
15.4783
-7.83089
10.1979
-2.64434
-10.7072
-2.48637
21.7095
-3.32612
-2.6939
-7.79196
-20.5067
-3.06829
6.30363
6.55946
-16.6675
18.2402
-11.3387
19.508
-0.981506
30.2644
3.54603
2.51697
9.47734
0.480898
2.4855
-11.3924
14.6672
-0.386906
7.60724
-6.10166
4.35266
10.63
9.25477
6.02167
6.19329
-7.8019
21.1768
1.36095
-10.2732
-11.2619
-2.44615
10.9137
-4.73441
10.8145
-10.5365
10.1308
-7.99334
-14.5553
12.2143
-0.208318
-2.16552
11.4024
29.5628
-8.15275
5.62184
-9.12948
6.68442
11.7433
-9.37802
5.98982
9.01296
0.217676
3.33927
7.20155
-2.97865
3.91569
5.37827
-11.1213
0.442372
1.10275
-1.22239
-0.730318
2.68942
14.8063
9.70349
1.77754
10.0102
-11.8374
1.79521
-20.8109
17.0345
-0.547975
-4.81492
10.653
-22.0934
1.96634
-17.6272
-2.89581
-10.6839
0.521267
15.3256
5.31041
-4.75188
-8.59992
-13.2475
-5.85251
1.00262
-2.64047
-8.40897
3.31883
-11.5008
1.2842
6.21318
-11.4199
0.848859
-5.94084
9.97668
-3.86127
-8.6643
-0.872989
9.19311
7.55957
-1.64733
-2.25715
-0.704214
2.74771
10.8336
3.05814
-3.59527
39.2724
4.76869
12.0702
-8.8102
-9.74888
-15.5546
-4.8513
5.79993
2.51891
-15.3912
15.7214
4.24109
6.66608
16.7508
-7.78816
18.5382
-12.7093
14.6416
4.24965
3.4516
0.150382
-14.0994
-1.76096
-8.70552
4.66406
2.97705
2.13648
3.49261
10.5391
-10.0819
7.34079
10.6979
1.14314
8.89851
2.91087
5.489
1.73456
-5.33487
-5.36481
1.28704
-9.51258
-0.357977
-7.23294
-1.69673
24.5957
-2.18918
1.91932
-5.43998
0.663512
0.642842
0.523139
-7.36185
-4.60928
2.55
2.28544
-18.5901
-16.4905
-2.44956
0.493672
18.2522
-12.0163
-0.271961
11.1277
6.67792
-3.36818
-13.1161
1.49591
9.75943
0.812135
2.62895
-13.3972
15.1817
0.453266
18.315
6.29115
-27.1865
1.66609
17.4771
-10.5813
-9.47363
-8.68124
-2.73646
2.09482
-5.27415
4.02836
-9.76422
-8.80902
-4.93759
7.52765
-4.1808
-21.6379
-0.413483
-5.05383
19.5146
-8.71515
13.1766
-2.1267
30.7173
-12.2392
-5.40634
6.97686
-2.58104
-0.513025
-11.9086
1.23845
-17.7245
3.26278
8.22493
7.55458
-0.00263918
13.2189
-11.4398
-11.0826
3.04154
-18.2966
8.31136
3.46889
17.1526
-5.69583
-2.37952
-5.24345
-0.917926
18.4204
-1.97508
-10.2463
-1.12379
27.6424
-9.10292
-2.49183
7.10496
-4.52408
4.23343
9.70371
11.8201
15.0143
-4.99422
11.8432
-5.3706
15.215
9.31344
-19.7763
-8.01277
-3.64366
-4.65535
4.20576
-2.50045
-15.2863
10.4547
-1.27046
-0.570284
10.6252
0.594494
1.60808
10.1863
10.4786
9.00998
-14.6204
-0.290969
10.5178
6.30396
-1.95673
4.59882
-7.42672
-1.14733
-3.09973
3.37577
-10.4023
11.0086
-2.47844
16.5424
-3.58931
8.08946
-4.14479
-0.659034
-5.2633
-1.04097
10.6602
7.59012
-3.53528
-12.8625
4.67453
3.26315
7.35704
-5.56491
0.771245
8.96175
9.49233
-4.43308
-13.5044
6.7531
3.32548
-4.75301
-23.1095
1.96295
-14.9603
-4.1292
-21.4964
2.93362
-11.2569
-3.52088
3.15918
-6.51976
12.6784
31.828
-16.9671
3.18384
10.1103
-1.26317
-11.477
-3.14398
-14.7903
10.955
6.88563
-2.25798
-12.1766
-11.135
19.4263
18.3088
9.91856
4.83541
-10.4502
8.10881
6.83379
-4.71077
-2.53783
4.03108
0.175692
-11.8594
-14.9274
-5.94567
-1.10369
-0.41282
6.55135
23.1004
-15.0296
-13.1998
-7.22526
6.33025
-4.69773
-11.5012
15.0493
-7.17322
5.93854
13.9125
-1.98277
-9.63688
-14.2533
5.22334
-1.97866
-9.49092
-30.1111
19.6725
-15.4935
-11.3929
-15.0294
8.6013
-0.759085
-20.5209
-4.15625
-6.42781
20.6979
-19.5152
-16.7609
-2.9207
12.4773
-0.512263
9.49289
2.49286
0.323738
10.9628
6.77361
-34.8493
10.5112
1.22302
8.85654
6.45385
12.7257
-16.3892
12.947
5.31439
-14.5752
15.4669
-1.30902
-5.44716
-9.12715
15.0128
10.8355
4.92898
-7.06171
3.12337
5.05299
-10.0757
2.98076
13.9356
-13.3346
10.2726
0.331873
-12.3248
18.3484
7.07795
-22.7686
3.58291
17.9733
6.93073
10.5422
-7.28857
-17.7339
-2.86461
-13.9293
15.8967
17.6219
-5.68911
19.7978
-10.9675
-7.8189
5.57429
6.268
-2.37261
1.14229
23.4678
-9.49937
20.1545
1.68224
-10.3264
6.70461
-5.03046
-10.5486
-8.75387
-3.02984
6.31756
4.55903
-19.2334
4.72461
-29.2034
-4.89561
-25.8651
9.8076
24.4176
-4.19439
2.52493
5.61383
6.46308
16.6075
-17.9063
-7.32818
19.2512
19.4897
-14.5314
13.531
3.99655
-17.0873
-18.5273
-3.71172
10.0174
-1.51988
-21.1336
5.45011
19.5025
-9.8641
0.352418
-2.18292
3.812
1.60788
-4.56293
1.69549
-13.5613
13.9488
-6.31558
-13.9372
-0.116333
-1.00817
0.290545
-2.63639
9.25419
-13.6708
-2.845
7.14626
0.369895
-27.4189
0.26247
10.1852
7.52393
-1.13091
5.71593
-10.0024
4.49214
-15.9381
2.62059
-2.83801
3.81285
-6.93099
-7.57642
11.2473
1.35733
4.82708
-0.468751
2.68107
16.4936
19.7466
-12.9084
-8.25956
-9.97675
-17.8813
-1.58662
7.6013
-6.9532
9.08859
3.14107
16.3004
12.3273
1.16712
-4.02094
-2.22686
5.29148
14.8922
5.04336
-3.15883
-5.24044
-9.13462
-3.03088
2.13595
-1.75216
8.33094
-9.86778
-5.00788
8.93014
-1.40226
-11.2387
6.26318
24.001
7.19535
-7.75778
4.32752
0.469634
12.2702
2.8649
3.1385
16.0213
11.9626
2.84922
-9.22313
4.02651
8.76584
-10.5082
-4.40507
26.3681
-3.56878
-1.2625
-4.52212
11.3885
-10.1893
8.2334
3.35855
11.3725
13.4105
-0.743539
10.4488
6.95324
20.4053
-10.8221
-11.3223
-9.14364
6.51368
-2.11296
-5.12144
-9.36361
-4.60159
-17.3188
15.8015
-2.77798
1.71414
-8.26743
-9.84714
-2.57811
-15.5964
-10.5312
-3.04928
8.57705
10.6117
0.744055
3.55986
22.971
4.70137
-2.60216
-7.23627
-3.06211
7.06891
0.493266
8.4462
0.639531
4.82917
-3.03521
18.224
4.47578
4.87637
1.76872
-8.94042
-18.7695
2.16502
18.7119
1.54203
-12.4873
14.065
12.7185
-14.7954
15.2976
-5.38939
-0.806291
-12.7216
8.08098
-3.12259
-0.872213
13.2113
-4.28346
6.52042
1.95415
14.9488
-0.0508277
-3.03812
7.36621
6.8592
0.854047
12.4094
4.88536
18.0299
5.97819
2.03337
-7.67387
6.29141
-8.08608
4.60607
0.542533
1.67331
-8.27999
-0.403805
-0.457456
2.201
8.08343
13.9901
1.41862
2.78748
10.1779
7.30907
1.64069
20.3788
8.80355
3.45136
-4.65337
12.0913
10.7466
-0.557568
10.8949
13.3745
17.1442
5.34517
1.75281
16.4899
-6.7946
-11.2572
9.52566
-11.3911
5.3639
2.37635
-19.1537
0.926958
-18.0387
9.21005
-1.92185
4.35481
-6.97624
-13.8278
6.80002
10.1203
-7.902
1.63303
8.8834
6.1586
3.72989
-9.57508
-9.54126
-0.859698
-13.6085
3.45237
-9.97539
15.754
8.7878
-6.26575
5.80365
-10.3992
-15.006
18.0688
-1.88136
-7.55393
-1.84295
3.68875
8.18041
3.78367
6.52065
0.184335
-4.67024
-3.07452
24.0638
-5.95315
-2.04447
0.0434071
1.53352
19.3882
-4.67736
5.48542
1.16156
-10.9276
6.76206
13.9167
9.82517
-20.3421
-8.58877
-21.0955
-1.38741
7.87989
10.5076
-12.2263
4.22642
-1.72521
19.679
0.25279
11.4547
-8.64576
15.5893
1.84658
-5.04759
3.70323
9.80046
1.40648
-3.84022
-1.91021
1.12073
1.24232
-35.5512
1.74983
5.93184
0.588766
-6.20002
-6.06213
-9.45227
-2.93233
-8.71909
0.533263
0.273281
13.8513
5.63752
-9.8126
2.67671
-7.86023
-25.872
9.40506
7.85677
-15.732
-1.23079
18.177
0.346352
-16.3152
-8.51593
16.3678
3.86563
7.17878
-7.42851
-8.04244
0.428554
0.10472
4.03627
1.20017
1.59463
-9.02354
12.6604
-8.99668
-24.2978
1.77964
4.61555
5.32563
10.2633
-11.0987
-1.99087
11.2148
-9.28348
-2.25405
-4.67798
-10.3891
9.55938
10.5759
4.77623
-5.49095
-13.0637
-1.519
-0.0918218
-4.41289
-6.11895
-0.869211
-1.01792
-4.05289
0.324915
-7.75827
-6.12164
0.817094
17.749
-6.87606
-10.9797
3.0069
5.0786
25.016
-4.84304
-8.47364
-4.69823
10.7623
9.58778
8.28503
-10.1371
8.20503
1.56563
13.2796
3.83873
-15.055
0.776105
3.13177
4.3021
-9.63288
-4.79528
17.3893
8.09617
-7.59324
-5.63065
1.52939
12.8091
13.0823
2.27957
-4.5093
-8.59438
-11.6711
8.73237
-9.5071
3.18694
-12.8367
-9.51992
18.9427
-14.8039
15.535
-10.6458
0.222859
-3.43785
7.15626
-0.914239
-16.0076
-0.565734
6.80319
15.1978
2.31146
27.7962
-9.7428
4.40791
1.943
11.9303
-7.58302
16.2483
-1.6901
9.96175
0.290769
3.68738
-0.207268
4.27069
-3.2818
17.7497
-7.19007
0.887476
-13.4853
-10.3087
-13.9423
-17.6837
-3.56626
6.42579
11.3623
10.0833
5.53102
-0.134944
-9.45142
3.8153
2.77169
6.18913
10.9812
-1.61958
-2.66563
-1.06359
-8.39814
-0.5683
6.87245
1.10818
1.33757
-28.1134
-11.2069
0.84342
-8.89243
20.2019
6.5177
-10.1916
8.89396
-9.54554
6.03262
7.8726
-0.741471
16.2746
-3.79014
0.905943
-9.14883
-15.2542
6.45868
2.13604
-3.88028
4.87275
-5.44689
21.498
4.08986
7.01073
2.28182
3.53104
-0.715581
-3.45931
24.2212
11.9238
7.65225
8.62991
-6.36186
2.50954
5.10821
6.9245
14.068
25.4859
-11.582
-24.5099
-1.78865
8.37428
2.73379
-21.0721
0.890137
-6.17651
-8.50717
-6.06174
9.7779
-5.86562
4.38504
-13.0568
-10.5069
-19.4261
-9.2986
0.325068
-16.817
4.31211
-15.3653
22.796
-1.76687
13.8798
5.51628
3.35841
-6.44834
-19.3281
-21.8752
16.9785
2.89222
-6.6063
7.67577
11.5754
2.49259
-0.267518
8.05269
2.36058
17.881
-20.584
5.25033
-3.60687
0.197463
1.77371
-7.23454
1.86132
-3.94773
9.98412
4.57988
-12.7214
-4.01019
9.08144
4.56441
4.36391
-9.98759
-2.94696
-0.889325
7.62363
5.52472
-2.17322
6.50139
3.54123
5.37746
1.732
-6.80523
17.4841
11.1965
-8.09642
16.9023
-20.6875
2.68655
3.66763
-0.714234
14.648
6.93542
-3.88778
2.44347
9.47813
-10.6494
19.2381
-6.10397
-2.81143
-13.4275
18.79
3.24012
15.3692
11.944
8.91499
-0.700899
-3.85612
5.35356
-6.9864
1.32943
6.30316
-5.14335
-4.99523
4.84186
-2.4224
-20.2341
-3.17806
-3.92704
-7.09482
-5.12294
-5.41073
-6.17525
1.8412
2.051
4.70069
-22.9108
-7.91385
11.2424
9.6007
14.3616
-3.70989
5.22361
1.47546
-15.0562
16.5174
-15.6385
-11.4789
5.14693
3.71415
3.1469
4.02976
16.7401
-34.7697
-22.4779
-2.86763
8.47228
4.81776
3.32293
-7.66068
4.39406
0.103152
-9.19328
1.89058
12.3493
-9.46958
8.91384
15.6167
-19.8059
-0.897051
3.74387
-22.877
4.92959
13.7052
4.05895
5.75365
-13.045
-6.17221
-8.02683
-4.26566
2.75639
10.4739
-5.3105
-1.37654
5.98062
0.736782
12.4444
6.50949
-9.39656
12.5378
10.8211
-4.78251
5.47357
5.77798
16.9952
-11.6513
-2.28056
18.8889
-5.54352
-4.90777
-1.49043
3.76794
4.48022
6.17747
16.2799
-22.8516
3.52022
7.78794
-2.745
-6.47309
9.95183
17.4135
-5.06694
10.7894
9.2213
-1.93735
5.64151
2.57621
3.66703
-11.4322
-8.04553
23.6779
7.05844
-0.772966
-8.2591
-0.308352
4.89214
-15.5888
19.3313
-18.6327
-7.14879
28.2302
14.7952
-3.16843
6.98483
-5.54496
11.8768
17.4812
12.4726
23.2547
14.3394
-5.50384
0.353872
-2.26578
10.6104
6.88045
-9.78536
-21.766
-8.7642
-10.6881
12.1097
-3.3528
12.0324
-24.4634
-2.8827
-10.1023
-0.978208
-5.89011
4.79804
-6.40592
-1.40023
20.1316
-4.31409
-1.85615
15.5424
-0.709244
-7.99544
-6.14686
-3.50945
6.66657
9.51927
0.960866
-4.99433
6.67367
-8.95776
-8.03653
12.5515
3.59989
-4.82889
-2.3299
-4.53231
4.6143
-7.66289
-12.5657
8.37204
6.94823
19.1403
9.12548
1.73224
30.1967
-10.0729
-10.6888
-7.9158
-2.17601
-4.18917
2.01593
16.1182
13.2928
7.29317
-5.49625
9.59001
-4.71756
-3.08746
-4.35802
-6.83976
5.7669
-7.64786
-11.4181
6.32027
-1.01115
10.5339
-25.0443
-8.32215
-0.398294
10.0562
-8.52219
-8.60829
-6.67918
-9.35385
-11.344
5.61978
1.57902
14.1406
-13.461
-4.69028
-3.73125
-8.58191
-13.9622
-2.67778
12.6352
12.661
-2.73023
-11.6758
7.35448
-6.56337
-22.1788
-11.864
17.0004
0.454727
10.8471
-7.90636
-4.71164
6.55753
-0.161056
-10.8457
0.400194
-15.9668
-9.86438
-7.39857
-12.7974
2.44558
0.256008
-9.42949
4.21168
-16.6455
-20.096
-4.94282
9.13177
5.40139
0.547004
3.70013
-8.43919
4.08871
7.0495
-0.0662515
-3.46417
11.7683
0.413405
-7.87444
5.49617
-6.64957
18.2696
-7.66689
-3.41661
2.64957
5.48362
1.10632
4.16639
-35.526
-0.727042
-3.98213
-6.64627
8.28783
-0.655475
-1.38682
-3.3417
-7.5772
3.1192
-16.9764
-20.8553
-1.44253
-5.36778
21.1347
-3.80662
-17.7489
-4.93186
-4.11465
3.84844
8.64013
-16.2849
-7.52958
6.76903
14.6346
1.28792
-13.7606
-3.60211
5.39865
8.50561
3.03521
-6.44192
7.59336
5.34176
9.01354
4.98342
-20.7663
4.06913
5.0803
5.24895
4.24829
6.25273
8.87585
1.79624
13.5696
-7.10648
-5.89338
20.7594
-10.6374
-8.38108
-10.1454
-3.18746
-13.2136
8.77966
-22.4792
-10.7506
4.58352
-8.10493
-11.8068
-6.62593
9.69583
-11.4279
4.70137
-4.32018
10.8196
9.42814
-10.4794
-12.9765
-12.6726
3.71752
-17.2262
1.92393
4.32217
-1.3494
-4.97655
-8.35322
4.85184
6.30785
-3.3883
-1.17516
-16.3962
5.57424
-7.65297
0.770317
-8.18045
1.10992
-3.85489
-6.53662
-13.7609
-3.0648
1.728
6.06341
13.9381
-1.22324
-18.1108
5.64587
1.30074
10.1685
12.4261
6.43657
-1.81134
-6.70205
-7.81764
11.5535
21.2707
-0.0121732
0.790225
-19.0774
13.8193
1.08341
14.082
-0.665849
-0.229792
9.74845
4.51215
2.16384
2.41924
-0.675126
1.07861
-14.1378
-1.02639
2.06705
-4.54023
12.9825
14.4357
-1.30992
-9.18129
14.7753
-4.14791
14.3885
2.51471
10.7199
-9.1789
-5.63903
-1.95585
2.17532
7.43598
2.98192
-7.73479
-11.9241
18.678
15.3258
4.88911
-23.2425
-22.7056
26.5126
4.64793
-9.55503
-6.50921
-0.0079551
-2.82002
5.53133
-9.91115
3.38248
13.4285
-1.83853
-12.4537
-2.77728
-11.3479
6.21538
-10.3054
9.76937
6.99563
4.27047
-1.45549
3.03483
-6.28682
12.5689
14.4706
14.9916
-14.1747
9.82035
14.3255
0.166828
4.57279
0.433504
11.5682
2.01293
-15.5835
0.663879
9.29673
12.7571
-3.29519
0.410411
16.6311
7.06834
-14.5187
-17.1408
5.76314
7.84981
-9.21453
-3.74415
7.47895
10.7768
8.27374
-8.76013
-12.1497
6.12516
7.30419
-1.42794
-20.8637
-2.02293
-8.48974
3.17564
-14.8962
1.98189
4.8121
24.7799
12.2522
3.83174
-9.80217
-8.73044
2.59826
4.96667
-4.08565
0.123937
-4.49114
1.59946
-2.51568
-16.6678
-10.1524
2.10482
-4.00278
18.5625
-5.70086
8.46829
-1.55586
-16.5557
11.3094
-0.684122
-3.50738
6.25791
12.1505
17.159
-10.8485
2.29408
-8.84522
7.00879
12.8861
-22.0561
-14.5163
-4.13341
11.9044
-1.25113
-3.06835
-13.1732
11.413
22.6528
9.95478
13.6368
22.8647
-11.7907
-10.7639
0.745633
5.85151
3.04238
6.09303
-7.33932
16.5019
-3.3335
-4.18332
0.379729
6.78872
3.93071
0.210602
10.1161
2.64544
-0.365114
-1.61036
-0.582009
-1.51845
-10.8859
7.61777
-5.55565
-5.08758
-3.01573
6.11061
16.4863
1.12904
2.8473
0.192193
-0.806013
3.6904
-8.87126
10.9302
0.274161
12.4351
0.561199
16.4763
-7.87272
2.94678
10.399
7.85017
10.026
-7.83595
-17.2493
-2.23289
-1.30316
-5.44159
8.46317
-13.8163
-13.0448
-5.00631
4.77646
9.87992
4.83161
5.33698
-4.63005
-1.49215
10.1353
-7.33926
0.850822
-5.39979
9.24062
-2.48732
-9.50853
0.918878
2.2367
0.770648
-6.87507
4.92705
-10.9727
-0.910402
5.858
0.776276
6.37654
1.07107
-7.95436
-8.65555
-4.20446
-16.6146
13.0147
-4.16117
7.50703
-9.97827
8.49404
-7.11519
5.09385
3.60646
0.935209
2.02149
2.48104
6.93816
1.4768
-18.6498
2.51927
-21.3426
1.16853
-9.65206
9.27246
4.40759
-3.66258
11.0709
8.24048
6.38391
3.38878
29.0056
-19.6837
-11.7323
-4.32251
-1.16518
-5.40699
-1.46646
-1.95434
-17.8664
-2.29292
-3.70048
0.448362
-6.45502
7.45861
11.5654
8.03747
2.13089
-1.57406
-9.37761
12.6076
13.1869
-12.2932
11.0103
3.72213
4.78664
6.27093
-16.0647
-7.61043
-17.8214
2.49402
-1.84416
-8.25084
18.7907
-14.7007
17.0739
6.04692
0.313176
-13.3956
-5.0889
-1.6385
-16.5951
-14.3519
1.11263
12.3225
16.1574
-7.74464
-0.433756
4.19689
-0.875635
-7.69999
8.98047
3.23452
11.5732
17.3907
3.73651
-1.69515
3.5561
7.28933
-1.99366
-0.720285
1.76052
7.53388
-9.31346
-25.3744
-7.85674
9.12232
1.72389
-8.57279
-6.03692
-15.1843
2.08831
-4.12973
12.1003
0.824992
4.32379
2.16972
-0.849171
-0.63133
17.9454
-15.2038
22.0979
5.0764
-27.2706
-13.3027
0.775785
-7.45428
-12.672
11.3913
-20.4116
-21.0033
5.51983
-4.56673
-30.9912
10.5412
0.00754484
-16.3341
6.56925
7.68754
-11.9758
10.7302
21.5899
-9.70188
13.5409
-5.87705
-3.06531
-10.9147
-9.58315
-4.99887
14.506
-0.544998
9.30674
-2.36618
-6.93571
1.27985
11.8495
12.8633
-7.15979
24.3914
13.5248
-3.12916
-6.95868
-9.82439
-6.05402
7.57096
-8.39152
5.65932
-0.916825
-14.9258
-9.11804
27.4382
-0.257496
6.34731
-1.82875
-11.0914
5.03812
4.77871
12.728
-10.4616
6.74123
0.0256487
14.0402
-2.49985
-3.58072
13.6742
3.22977
6.07875
9.98572
10.6027
7.07095
-9.67888
-3.60637
-10.4114
4.67043
10.3029
5.16357
-15.1485
-1.60131
10.3992
10.6905
7.53021
2.35239
-11.0426
-12.5196
2.0297
3.00251
3.22175
3.39185
0.844545
0.309475
13.1939
-10.496
-5.77958
6.19459
8.38394
-3.88168
-5.81939
-6.49884
2.18136
-9.03942
-3.12342
9.30707
-0.774983
-14.8645
-9.50137
8.68074
13.976
0.542406
7.65666
-16.4323
-14.0276
11.959
8.20879
-7.00574
11.4345
-3.02663
15.9351
-2.66051
0.336881
-5.51464
-1.13482
-6.0146
-4.902
-0.37186
1.37778
5.03003
1.02831
-13.7218
-7.76231
14.9115
-10.0957
-2.61288
6.21415
-12.448
2.78647
-0.957316
1.88046
16.1088
-5.72642
-19.1111
6.8833
8.95046
-17.0818
-8.53478
-12.509
1.70431
-6.17805
1.86851
-17.5143
9.42844
-2.4012
-10.8338
6.17561
15.1765
-0.0351874
26.4866
-5.84431
9.87931
2.16677
-3.40583
8.26696
-1.19347
17.8744
9.21384
3.83183
-18.6068
13.6797
10.9006
-0.103731
6.18027
0.370078
2.50493
-12.3458
4.6595
2.42178
6.11016
5.41686
7.52079
-9.81644
6.98691
-0.575878
-5.30974
6.6729
-1.05236
-6.86709
9.11549
0.418188
-9.51142
-10.8221
-6.13939
1.90118
-4.35658
5.15751
13.2932
30.7349
-12.6857
-9.44568
-8.03746
-7.64534
11.3433
5.538
13.2267
-0.0195095
4.4371
-6.95839
6.388
4.45998
-18.5199
-25.8871
3.12037
14.8518
-2.71505
-0.443264
6.34936
-11.1284
15.8614
2.43389
2.14363
-9.56015
-16.3626
-1.43914
1.7138
23.2872
2.5815
-20.8584
-0.140554
1.2573
5.85923
0.465825
11.9194
